-4.000000	-0.000000
-4.000000	-0.399334
-4.000000	-0.794677
-4.000000	-1.182081
-4.000000	-1.557673
-4.000000	-1.917702
-4.000000	-2.258570
-4.000000	-2.576871
-4.000000	-2.869424
-4.000000	-3.133308
-4.000000	-3.365884
-4.000000	-3.564829
-4.000000	-3.728156
-4.000000	-3.854233
-4.000000	-3.941799
-4.000000	-3.989980
-4.000000	-3.998294
-4.000000	-3.966659
-4.000000	-3.895391
-4.000000	-3.785200
-4.000000	-3.637190
-4.000000	-3.452837
-4.000000	-3.233986
-4.000000	-2.982821
-4.000000	-2.701853
-4.000000	-2.393889
-4.000000	-2.062005
-4.000000	-1.709520
-4.000000	-1.339953
-4.000000	-0.956997
-4.000000	-0.564480
-4.000000	-0.166323
-4.000000	0.233497
-4.000000	0.630983
-4.000000	1.022164
-4.000000	1.403133
-4.000000	1.770082
-4.000000	2.119345
-4.000000	2.447432
-4.000000	2.751065
-4.000000	3.027210
-4.000000	3.273108
-4.000000	3.486303
-4.000000	3.664664
-4.000000	3.806408
-4.000000	3.910120
-4.000000	3.974764
-4.000000	3.999693
-4.000000	3.984658
-4.000000	3.929810
-4.000000	3.835697
-4.000000	3.703259
-4.000000	3.533819
-4.000000	3.329070
-4.000000	3.091058
-4.000000	2.822161
-4.000000	2.525067
-4.000000	2.202742
-4.000000	1.858409
-4.000000	1.495507
-4.000000	1.117662
-4.000000	0.728650
-4.000000	0.332358
-3.980017	-0.000000
-3.980017	-0.399334
-3.980017	-0.794677
-3.980017	-1.182081
-3.980017	-1.557673
-3.980017	-1.917702
-3.980017	-2.258570
-3.980017	-2.576871
-3.980017	-2.869424
-3.980017	-3.133308
-3.980017	-3.365884
-3.980017	-3.564829
-3.980017	-3.728156
-3.980017	-3.854233
-3.980017	-3.941799
-3.980017	-3.989980
-3.980017	-3.998294
-3.980017	-3.966659
-3.980017	-3.895391
-3.980017	-3.785200
-3.980017	-3.637190
-3.980017	-3.452837
-3.980017	-3.233986
-3.980017	-2.982821
-3.980017	-2.701853
-3.980017	-2.393889
-3.980017	-2.062005
-3.980017	-1.709520
-3.980017	-1.339953
-3.980017	-0.956997
-3.980017	-0.564480
-3.980017	-0.166323
-3.980017	0.233497
-3.980017	0.630983
-3.980017	1.022164
-3.980017	1.403133
-3.980017	1.770082
-3.980017	2.119345
-3.980017	2.447432
-3.980017	2.751065
-3.980017	3.027210
-3.980017	3.273108
-3.980017	3.486303
-3.980017	3.664664
-3.980017	3.806408
-3.980017	3.910120
-3.980017	3.974764
-3.980017	3.999693
-3.980017	3.984658
-3.980017	3.929810
-3.980017	3.835697
-3.980017	3.703259
-3.980017	3.533819
-3.980017	3.329070
-3.980017	3.091058
-3.980017	2.822161
-3.980017	2.525067
-3.980017	2.202742
-3.980017	1.858409
-3.980017	1.495507
-3.980017	1.117662
-3.980017	0.728650
-3.980017	0.332358
-3.920266	-0.000000
-3.920266	-0.399334
-3.920266	-0.794677
-3.920266	-1.182081
-3.920266	-1.557673
-3.920266	-1.917702
-3.920266	-2.258570
-3.920266	-2.576871
-3.920266	-2.869424
-3.920266	-3.133308
-3.920266	-3.365884
-3.920266	-3.564829
-3.920266	-3.728156
-3.920266	-3.854233
-3.920266	-3.941799
-3.920266	-3.989980
-3.920266	-3.998294
-3.920266	-3.966659
-3.920266	-3.895391
-3.920266	-3.785200
-3.920266	-3.637190
-3.920266	-3.452837
-3.920266	-3.233986
-3.920266	-2.982821
-3.920266	-2.701853
-3.920266	-2.393889
-3.920266	-2.062005
-3.920266	-1.709520
-3.920266	-1.339953
-3.920266	-0.956997
-3.920266	-0.564480
-3.920266	-0.166323
-3.920266	0.233497
-3.920266	0.630983
-3.920266	1.022164
-3.920266	1.403133
-3.920266	1.770082
-3.920266	2.119345
-3.920266	2.447432
-3.920266	2.751065
-3.920266	3.027210
-3.920266	3.273108
-3.920266	3.486303
-3.920266	3.664664
-3.920266	3.806408
-3.920266	3.910120
-3.920266	3.974764
-3.920266	3.999693
-3.920266	3.984658
-3.920266	3.929810
-3.920266	3.835697
-3.920266	3.703259
-3.920266	3.533819
-3.920266	3.329070
-3.920266	3.091058
-3.920266	2.822161
-3.920266	2.525067
-3.920266	2.202742
-3.920266	1.858409
-3.920266	1.495507
-3.920266	1.117662
-3.920266	0.728650
-3.920266	0.332358
-3.821346	-0.000000
-3.821346	-0.399334
-3.821346	-0.794677
-3.821346	-1.182081
-3.821346	-1.557673
-3.821346	-1.917702
-3.821346	-2.258570
-3.821346	-2.576871
-3.821346	-2.869424
-3.821346	-3.133308
-3.821346	-3.365884
-3.821346	-3.564829
-3.821346	-3.728156
-3.821346	-3.854233
-3.821346	-3.941799
-3.821346	-3.989980
-3.821346	-3.998294
-3.821346	-3.966659
-3.821346	-3.895391
-3.821346	-3.785200
-3.821346	-3.637190
-3.821346	-3.452837
-3.821346	-3.233986
-3.821346	-2.982821
-3.821346	-2.701853
-3.821346	-2.393889
-3.821346	-2.062005
-3.821346	-1.709520
-3.821346	-1.339953
-3.821346	-0.956997
-3.821346	-0.564480
-3.821346	-0.166323
-3.821346	0.233497
-3.821346	0.630983
-3.821346	1.022164
-3.821346	1.403133
-3.821346	1.770082
-3.821346	2.119345
-3.821346	2.447432
-3.821346	2.751065
-3.821346	3.027210
-3.821346	3.273108
-3.821346	3.486303
-3.821346	3.664664
-3.821346	3.806408
-3.821346	3.910120
-3.821346	3.974764
-3.821346	3.999693
-3.821346	3.984658
-3.821346	3.929810
-3.821346	3.835697
-3.821346	3.703259
-3.821346	3.533819
-3.821346	3.329070
-3.821346	3.091058
-3.821346	2.822161
-3.821346	2.525067
-3.821346	2.202742
-3.821346	1.858409
-3.821346	1.495507
-3.821346	1.117662
-3.821346	0.728650
-3.821346	0.332358
-3.684244	-0.000000
-3.684244	-0.399334
-3.684244	-0.794677
-3.684244	-1.182081
-3.684244	-1.557673
-3.684244	-1.917702
-3.684244	-2.258570
-3.684244	-2.576871
-3.684244	-2.869424
-3.684244	-3.133308
-3.684244	-3.365884
-3.684244	-3.564829
-3.684244	-3.728156
-3.684244	-3.854233
-3.684244	-3.941799
-3.684244	-3.989980
-3.684244	-3.998294
-3.684244	-3.966659
-3.684244	-3.895391
-3.684244	-3.785200
-3.684244	-3.637190
-3.684244	-3.452837
-3.684244	-3.233986
-3.684244	-2.982821
-3.684244	-2.701853
-3.684244	-2.393889
-3.684244	-2.062005
-3.684244	-1.709520
-3.684244	-1.339953
-3.684244	-0.956997
-3.684244	-0.564480
-3.684244	-0.166323
-3.684244	0.233497
-3.684244	0.630983
-3.684244	1.022164
-3.684244	1.403133
-3.684244	1.770082
-3.684244	2.119345
-3.684244	2.447432
-3.684244	2.751065
-3.684244	3.027210
-3.684244	3.273108
-3.684244	3.486303
-3.684244	3.664664
-3.684244	3.806408
-3.684244	3.910120
-3.684244	3.974764
-3.684244	3.999693
-3.684244	3.984658
-3.684244	3.929810
-3.684244	3.835697
-3.684244	3.703259
-3.684244	3.533819
-3.684244	3.329070
-3.684244	3.091058
-3.684244	2.822161
-3.684244	2.525067
-3.684244	2.202742
-3.684244	1.858409
-3.684244	1.495507
-3.684244	1.117662
-3.684244	0.728650
-3.684244	0.332358
-3.510330	-0.000000
-3.510330	-0.399334
-3.510330	-0.794677
-3.510330	-1.182081
-3.510330	-1.557673
-3.510330	-1.917702
-3.510330	-2.258570
-3.510330	-2.576871
-3.510330	-2.869424
-3.510330	-3.133308
-3.510330	-3.365884
-3.510330	-3.564829
-3.510330	-3.728156
-3.510330	-3.854233
-3.510330	-3.941799
-3.510330	-3.989980
-3.510330	-3.998294
-3.510330	-3.966659
-3.510330	-3.895391
-3.510330	-3.785200
-3.510330	-3.637190
-3.510330	-3.452837
-3.510330	-3.233986
-3.510330	-2.982821
-3.510330	-2.701853
-3.510330	-2.393889
-3.510330	-2.062005
-3.510330	-1.709520
-3.510330	-1.339953
-3.510330	-0.956997
-3.510330	-0.564480
-3.510330	-0.166323
-3.510330	0.233497
-3.510330	0.630983
-3.510330	1.022164
-3.510330	1.403133
-3.510330	1.770082
-3.510330	2.119345
-3.510330	2.447432
-3.510330	2.751065
-3.510330	3.027210
-3.510330	3.273108
-3.510330	3.486303
-3.510330	3.664664
-3.510330	3.806408
-3.510330	3.910120
-3.510330	3.974764
-3.510330	3.999693
-3.510330	3.984658
-3.510330	3.929810
-3.510330	3.835697
-3.510330	3.703259
-3.510330	3.533819
-3.510330	3.329070
-3.510330	3.091058
-3.510330	2.822161
-3.510330	2.525067
-3.510330	2.202742
-3.510330	1.858409
-3.510330	1.495507
-3.510330	1.117662
-3.510330	0.728650
-3.510330	0.332358
-3.301342	-0.000000
-3.301342	-0.399334
-3.301342	-0.794677
-3.301342	-1.182081
-3.301342	-1.557673
-3.301342	-1.917702
-3.301342	-2.258570
-3.301342	-2.576871
-3.301342	-2.869424
-3.301342	-3.133308
-3.301342	-3.365884
-3.301342	-3.564829
-3.301342	-3.728156
-3.301342	-3.854233
-3.301342	-3.941799
-3.301342	-3.989980
-3.301342	-3.998294
-3.301342	-3.966659
-3.301342	-3.895391
-3.301342	-3.785200
-3.301342	-3.637190
-3.301342	-3.452837
-3.301342	-3.233986
-3.301342	-2.982821
-3.301342	-2.701853
-3.301342	-2.393889
-3.301342	-2.062005
-3.301342	-1.709520
-3.301342	-1.339953
-3.301342	-0.956997
-3.301342	-0.564480
-3.301342	-0.166323
-3.301342	0.233497
-3.301342	0.630983
-3.301342	1.022164
-3.301342	1.403133
-3.301342	1.770082
-3.301342	2.119345
-3.301342	2.447432
-3.301342	2.751065
-3.301342	3.027210
-3.301342	3.273108
-3.301342	3.486303
-3.301342	3.664664
-3.301342	3.806408
-3.301342	3.910120
-3.301342	3.974764
-3.301342	3.999693
-3.301342	3.984658
-3.301342	3.929810
-3.301342	3.835697
-3.301342	3.703259
-3.301342	3.533819
-3.301342	3.329070
-3.301342	3.091058
-3.301342	2.822161
-3.301342	2.525067
-3.301342	2.202742
-3.301342	1.858409
-3.301342	1.495507
-3.301342	1.117662
-3.301342	0.728650
-3.301342	0.332358
-3.059369	-0.000000
-3.059369	-0.399334
-3.059369	-0.794677
-3.059369	-1.182081
-3.059369	-1.557673
-3.059369	-1.917702
-3.059369	-2.258570
-3.059369	-2.576871
-3.059369	-2.869424
-3.059369	-3.133308
-3.059369	-3.365884
-3.059369	-3.564829
-3.059369	-3.728156
-3.059369	-3.854233
-3.059369	-3.941799
-3.059369	-3.989980
-3.059369	-3.998294
-3.059369	-3.966659
-3.059369	-3.895391
-3.059369	-3.785200
-3.059369	-3.637190
-3.059369	-3.452837
-3.059369	-3.233986
-3.059369	-2.982821
-3.059369	-2.701853
-3.059369	-2.393889
-3.059369	-2.062005
-3.059369	-1.709520
-3.059369	-1.339953
-3.059369	-0.956997
-3.059369	-0.564480
-3.059369	-0.166323
-3.059369	0.233497
-3.059369	0.630983
-3.059369	1.022164
-3.059369	1.403133
-3.059369	1.770082
-3.059369	2.119345
-3.059369	2.447432
-3.059369	2.751065
-3.059369	3.027210
-3.059369	3.273108
-3.059369	3.486303
-3.059369	3.664664
-3.059369	3.806408
-3.059369	3.910120
-3.059369	3.974764
-3.059369	3.999693
-3.059369	3.984658
-3.059369	3.929810
-3.059369	3.835697
-3.059369	3.703259
-3.059369	3.533819
-3.059369	3.329070
-3.059369	3.091058
-3.059369	2.822161
-3.059369	2.525067
-3.059369	2.202742
-3.059369	1.858409
-3.059369	1.495507
-3.059369	1.117662
-3.059369	0.728650
-3.059369	0.332358
-2.786827	-0.000000
-2.786827	-0.399334
-2.786827	-0.794677
-2.786827	-1.182081
-2.786827	-1.557673
-2.786827	-1.917702
-2.786827	-2.258570
-2.786827	-2.576871
-2.786827	-2.869424
-2.786827	-3.133308
-2.786827	-3.365884
-2.786827	-3.564829
-2.786827	-3.728156
-2.786827	-3.854233
-2.786827	-3.941799
-2.786827	-3.989980
-2.786827	-3.998294
-2.786827	-3.966659
-2.786827	-3.895391
-2.786827	-3.785200
-2.786827	-3.637190
-2.786827	-3.452837
-2.786827	-3.233986
-2.786827	-2.982821
-2.786827	-2.701853
-2.786827	-2.393889
-2.786827	-2.062005
-2.786827	-1.709520
-2.786827	-1.339953
-2.786827	-0.956997
-2.786827	-0.564480
-2.786827	-0.166323
-2.786827	0.233497
-2.786827	0.630983
-2.786827	1.022164
-2.786827	1.403133
-2.786827	1.770082
-2.786827	2.119345
-2.786827	2.447432
-2.786827	2.751065
-2.786827	3.027210
-2.786827	3.273108
-2.786827	3.486303
-2.786827	3.664664
-2.786827	3.806408
-2.786827	3.910120
-2.786827	3.974764
-2.786827	3.999693
-2.786827	3.984658
-2.786827	3.929810
-2.786827	3.835697
-2.786827	3.703259
-2.786827	3.533819
-2.786827	3.329070
-2.786827	3.091058
-2.786827	2.822161
-2.786827	2.525067
-2.786827	2.202742
-2.786827	1.858409
-2.786827	1.495507
-2.786827	1.117662
-2.786827	0.728650
-2.786827	0.332358
-2.486440	-0.000000
-2.486440	-0.399334
-2.486440	-0.794677
-2.486440	-1.182081
-2.486440	-1.557673
-2.486440	-1.917702
-2.486440	-2.258570
-2.486440	-2.576871
-2.486440	-2.869424
-2.486440	-3.133308
-2.486440	-3.365884
-2.486440	-3.564829
-2.486440	-3.728156
-2.486440	-3.854233
-2.486440	-3.941799
-2.486440	-3.989980
-2.486440	-3.998294
-2.486440	-3.966659
-2.486440	-3.895391
-2.486440	-3.785200
-2.486440	-3.637190
-2.486440	-3.452837
-2.486440	-3.233986
-2.486440	-2.982821
-2.486440	-2.701853
-2.486440	-2.393889
-2.486440	-2.062005
-2.486440	-1.709520
-2.486440	-1.339953
-2.486440	-0.956997
-2.486440	-0.564480
-2.486440	-0.166323
-2.486440	0.233497
-2.486440	0.630983
-2.486440	1.022164
-2.486440	1.403133
-2.486440	1.770082
-2.486440	2.119345
-2.486440	2.447432
-2.486440	2.751065
-2.486440	3.027210
-2.486440	3.273108
-2.486440	3.486303
-2.486440	3.664664
-2.486440	3.806408
-2.486440	3.910120
-2.486440	3.974764
-2.486440	3.999693
-2.486440	3.984658
-2.486440	3.929810
-2.486440	3.835697
-2.486440	3.703259
-2.486440	3.533819
-2.486440	3.329070
-2.486440	3.091058
-2.486440	2.822161
-2.486440	2.525067
-2.486440	2.202742
-2.486440	1.858409
-2.486440	1.495507
-2.486440	1.117662
-2.486440	0.728650
-2.486440	0.332358
-2.161209	-0.000000
-2.161209	-0.399334
-2.161209	-0.794677
-2.161209	-1.182081
-2.161209	-1.557673
-2.161209	-1.917702
-2.161209	-2.258570
-2.161209	-2.576871
-2.161209	-2.869424
-2.161209	-3.133308
-2.161209	-3.365884
-2.161209	-3.564829
-2.161209	-3.728156
-2.161209	-3.854233
-2.161209	-3.941799
-2.161209	-3.989980
-2.161209	-3.998294
-2.161209	-3.966659
-2.161209	-3.895391
-2.161209	-3.785200
-2.161209	-3.637190
-2.161209	-3.452837
-2.161209	-3.233986
-2.161209	-2.982821
-2.161209	-2.701853
-2.161209	-2.393889
-2.161209	-2.062005
-2.161209	-1.709520
-2.161209	-1.339953
-2.161209	-0.956997
-2.161209	-0.564480
-2.161209	-0.166323
-2.161209	0.233497
-2.161209	0.630983
-2.161209	1.022164
-2.161209	1.403133
-2.161209	1.770082
-2.161209	2.119345
-2.161209	2.447432
-2.161209	2.751065
-2.161209	3.027210
-2.161209	3.273108
-2.161209	3.486303
-2.161209	3.664664
-2.161209	3.806408
-2.161209	3.910120
-2.161209	3.974764
-2.161209	3.999693
-2.161209	3.984658
-2.161209	3.929810
-2.161209	3.835697
-2.161209	3.703259
-2.161209	3.533819
-2.161209	3.329070
-2.161209	3.091058
-2.161209	2.822161
-2.161209	2.525067
-2.161209	2.202742
-2.161209	1.858409
-2.161209	1.495507
-2.161209	1.117662
-2.161209	0.728650
-2.161209	0.332358
-1.814384	-0.000000
-1.814384	-0.399334
-1.814384	-0.794677
-1.814384	-1.182081
-1.814384	-1.557673
-1.814384	-1.917702
-1.814384	-2.258570
-1.814384	-2.576871
-1.814384	-2.869424
-1.814384	-3.133308
-1.814384	-3.365884
-1.814384	-3.564829
-1.814384	-3.728156
-1.814384	-3.854233
-1.814384	-3.941799
-1.814384	-3.989980
-1.814384	-3.998294
-1.814384	-3.966659
-1.814384	-3.895391
-1.814384	-3.785200
-1.814384	-3.637190
-1.814384	-3.452837
-1.814384	-3.233986
-1.814384	-2.982821
-1.814384	-2.701853
-1.814384	-2.393889
-1.814384	-2.062005
-1.814384	-1.709520
-1.814384	-1.339953
-1.814384	-0.956997
-1.814384	-0.564480
-1.814384	-0.166323
-1.814384	0.233497
-1.814384	0.630983
-1.814384	1.022164
-1.814384	1.403133
-1.814384	1.770082
-1.814384	2.119345
-1.814384	2.447432
-1.814384	2.751065
-1.814384	3.027210
-1.814384	3.273108
-1.814384	3.486303
-1.814384	3.664664
-1.814384	3.806408
-1.814384	3.910120
-1.814384	3.974764
-1.814384	3.999693
-1.814384	3.984658
-1.814384	3.929810
-1.814384	3.835697
-1.814384	3.703259
-1.814384	3.533819
-1.814384	3.329070
-1.814384	3.091058
-1.814384	2.822161
-1.814384	2.525067
-1.814384	2.202742
-1.814384	1.858409
-1.814384	1.495507
-1.814384	1.117662
-1.814384	0.728650
-1.814384	0.332358
-1.449431	-0.000000
-1.449431	-0.399334
-1.449431	-0.794677
-1.449431	-1.182081
-1.449431	-1.557673
-1.449431	-1.917702
-1.449431	-2.258570
-1.449431	-2.576871
-1.449431	-2.869424
-1.449431	-3.133308
-1.449431	-3.365884
-1.449431	-3.564829
-1.449431	-3.728156
-1.449431	-3.854233
-1.449431	-3.941799
-1.449431	-3.989980
-1.449431	-3.998294
-1.449431	-3.966659
-1.449431	-3.895391
-1.449431	-3.785200
-1.449431	-3.637190
-1.449431	-3.452837
-1.449431	-3.233986
-1.449431	-2.982821
-1.449431	-2.701853
-1.449431	-2.393889
-1.449431	-2.062005
-1.449431	-1.709520
-1.449431	-1.339953
-1.449431	-0.956997
-1.449431	-0.564480
-1.449431	-0.166323
-1.449431	0.233497
-1.449431	0.630983
-1.449431	1.022164
-1.449431	1.403133
-1.449431	1.770082
-1.449431	2.119345
-1.449431	2.447432
-1.449431	2.751065
-1.449431	3.027210
-1.449431	3.273108
-1.449431	3.486303
-1.449431	3.664664
-1.449431	3.806408
-1.449431	3.910120
-1.449431	3.974764
-1.449431	3.999693
-1.449431	3.984658
-1.449431	3.929810
-1.449431	3.835697
-1.449431	3.703259
-1.449431	3.533819
-1.449431	3.329070
-1.449431	3.091058
-1.449431	2.822161
-1.449431	2.525067
-1.449431	2.202742
-1.449431	1.858409
-1.449431	1.495507
-1.449431	1.117662
-1.449431	0.728650
-1.449431	0.332358
-1.069995	-0.000000
-1.069995	-0.399334
-1.069995	-0.794677
-1.069995	-1.182081
-1.069995	-1.557673
-1.069995	-1.917702
-1.069995	-2.258570
-1.069995	-2.576871
-1.069995	-2.869424
-1.069995	-3.133308
-1.069995	-3.365884
-1.069995	-3.564829
-1.069995	-3.728156
-1.069995	-3.854233
-1.069995	-3.941799
-1.069995	-3.989980
-1.069995	-3.998294
-1.069995	-3.966659
-1.069995	-3.895391
-1.069995	-3.785200
-1.069995	-3.637190
-1.069995	-3.452837
-1.069995	-3.233986
-1.069995	-2.982821
-1.069995	-2.701853
-1.069995	-2.393889
-1.069995	-2.062005
-1.069995	-1.709520
-1.069995	-1.339953
-1.069995	-0.956997
-1.069995	-0.564480
-1.069995	-0.166323
-1.069995	0.233497
-1.069995	0.630983
-1.069995	1.022164
-1.069995	1.403133
-1.069995	1.770082
-1.069995	2.119345
-1.069995	2.447432
-1.069995	2.751065
-1.069995	3.027210
-1.069995	3.273108
-1.069995	3.486303
-1.069995	3.664664
-1.069995	3.806408
-1.069995	3.910120
-1.069995	3.974764
-1.069995	3.999693
-1.069995	3.984658
-1.069995	3.929810
-1.069995	3.835697
-1.069995	3.703259
-1.069995	3.533819
-1.069995	3.329070
-1.069995	3.091058
-1.069995	2.822161
-1.069995	2.525067
-1.069995	2.202742
-1.069995	1.858409
-1.069995	1.495507
-1.069995	1.117662
-1.069995	0.728650
-1.069995	0.332358
-0.679869	-0.000000
-0.679869	-0.399334
-0.679869	-0.794677
-0.679869	-1.182081
-0.679869	-1.557673
-0.679869	-1.917702
-0.679869	-2.258570
-0.679869	-2.576871
-0.679869	-2.869424
-0.679869	-3.133308
-0.679869	-3.365884
-0.679869	-3.564829
-0.679869	-3.728156
-0.679869	-3.854233
-0.679869	-3.941799
-0.679869	-3.989980
-0.679869	-3.998294
-0.679869	-3.966659
-0.679869	-3.895391
-0.679869	-3.785200
-0.679869	-3.637190
-0.679869	-3.452837
-0.679869	-3.233986
-0.679869	-2.982821
-0.679869	-2.701853
-0.679869	-2.393889
-0.679869	-2.062005
-0.679869	-1.709520
-0.679869	-1.339953
-0.679869	-0.956997
-0.679869	-0.564480
-0.679869	-0.166323
-0.679869	0.233497
-0.679869	0.630983
-0.679869	1.022164
-0.679869	1.403133
-0.679869	1.770082
-0.679869	2.119345
-0.679869	2.447432
-0.679869	2.751065
-0.679869	3.027210
-0.679869	3.273108
-0.679869	3.486303
-0.679869	3.664664
-0.679869	3.806408
-0.679869	3.910120
-0.679869	3.974764
-0.679869	3.999693
-0.679869	3.984658
-0.679869	3.929810
-0.679869	3.835697
-0.679869	3.703259
-0.679869	3.533819
-0.679869	3.329070
-0.679869	3.091058
-0.679869	2.822161
-0.679869	2.525067
-0.679869	2.202742
-0.679869	1.858409
-0.679869	1.495507
-0.679869	1.117662
-0.679869	0.728650
-0.679869	0.332358
-0.282949	-0.000000
-0.282949	-0.399334
-0.282949	-0.794677
-0.282949	-1.182081
-0.282949	-1.557673
-0.282949	-1.917702
-0.282949	-2.258570
-0.282949	-2.576871
-0.282949	-2.869424
-0.282949	-3.133308
-0.282949	-3.365884
-0.282949	-3.564829
-0.282949	-3.728156
-0.282949	-3.854233
-0.282949	-3.941799
-0.282949	-3.989980
-0.282949	-3.998294
-0.282949	-3.966659
-0.282949	-3.895391
-0.282949	-3.785200
-0.282949	-3.637190
-0.282949	-3.452837
-0.282949	-3.233986
-0.282949	-2.982821
-0.282949	-2.701853
-0.282949	-2.393889
-0.282949	-2.062005
-0.282949	-1.709520
-0.282949	-1.339953
-0.282949	-0.956997
-0.282949	-0.564480
-0.282949	-0.166323
-0.282949	0.233497
-0.282949	0.630983
-0.282949	1.022164
-0.282949	1.403133
-0.282949	1.770082
-0.282949	2.119345
-0.282949	2.447432
-0.282949	2.751065
-0.282949	3.027210
-0.282949	3.273108
-0.282949	3.486303
-0.282949	3.664664
-0.282949	3.806408
-0.282949	3.910120
-0.282949	3.974764
-0.282949	3.999693
-0.282949	3.984658
-0.282949	3.929810
-0.282949	3.835697
-0.282949	3.703259
-0.282949	3.533819
-0.282949	3.329070
-0.282949	3.091058
-0.282949	2.822161
-0.282949	2.525067
-0.282949	2.202742
-0.282949	1.858409
-0.282949	1.495507
-0.282949	1.117662
-0.282949	0.728650
-0.282949	0.332358
0.116798	-0.000000
0.116798	-0.399334
0.116798	-0.794677
0.116798	-1.182081
0.116798	-1.557673
0.116798	-1.917702
0.116798	-2.258570
0.116798	-2.576871
0.116798	-2.869424
0.116798	-3.133308
0.116798	-3.365884
0.116798	-3.564829
0.116798	-3.728156
0.116798	-3.854233
0.116798	-3.941799
0.116798	-3.989980
0.116798	-3.998294
0.116798	-3.966659
0.116798	-3.895391
0.116798	-3.785200
0.116798	-3.637190
0.116798	-3.452837
0.116798	-3.233986
0.116798	-2.982821
0.116798	-2.701853
0.116798	-2.393889
0.116798	-2.062005
0.116798	-1.709520
0.116798	-1.339953
0.116798	-0.956997
0.116798	-0.564480
0.116798	-0.166323
0.116798	0.233497
0.116798	0.630983
0.116798	1.022164
0.116798	1.403133
0.116798	1.770082
0.116798	2.119345
0.116798	2.447432
0.116798	2.751065
0.116798	3.027210
0.116798	3.273108
0.116798	3.486303
0.116798	3.664664
0.116798	3.806408
0.116798	3.910120
0.116798	3.974764
0.116798	3.999693
0.116798	3.984658
0.116798	3.929810
0.116798	3.835697
0.116798	3.703259
0.116798	3.533819
0.116798	3.329070
0.116798	3.091058
0.116798	2.822161
0.116798	2.525067
0.116798	2.202742
0.116798	1.858409
0.116798	1.495507
0.116798	1.117662
0.116798	0.728650
0.116798	0.332358
0.515378	-0.000000
0.515378	-0.399334
0.515378	-0.794677
0.515378	-1.182081
0.515378	-1.557673
0.515378	-1.917702
0.515378	-2.258570
0.515378	-2.576871
0.515378	-2.869424
0.515378	-3.133308
0.515378	-3.365884
0.515378	-3.564829
0.515378	-3.728156
0.515378	-3.854233
0.515378	-3.941799
0.515378	-3.989980
0.515378	-3.998294
0.515378	-3.966659
0.515378	-3.895391
0.515378	-3.785200
0.515378	-3.637190
0.515378	-3.452837
0.515378	-3.233986
0.515378	-2.982821
0.515378	-2.701853
0.515378	-2.393889
0.515378	-2.062005
0.515378	-1.709520
0.515378	-1.339953
0.515378	-0.956997
0.515378	-0.564480
0.515378	-0.166323
0.515378	0.233497
0.515378	0.630983
0.515378	1.022164
0.515378	1.403133
0.515378	1.770082
0.515378	2.119345
0.515378	2.447432
0.515378	2.751065
0.515378	3.027210
0.515378	3.273108
0.515378	3.486303
0.515378	3.664664
0.515378	3.806408
0.515378	3.910120
0.515378	3.974764
0.515378	3.999693
0.515378	3.984658
0.515378	3.929810
0.515378	3.835697
0.515378	3.703259
0.515378	3.533819
0.515378	3.329070
0.515378	3.091058
0.515378	2.822161
0.515378	2.525067
0.515378	2.202742
0.515378	1.858409
0.515378	1.495507
0.515378	1.117662
0.515378	0.728650
0.515378	0.332358
0.908808	-0.000000
0.908808	-0.399334
0.908808	-0.794677
0.908808	-1.182081
0.908808	-1.557673
0.908808	-1.917702
0.908808	-2.258570
0.908808	-2.576871
0.908808	-2.869424
0.908808	-3.133308
0.908808	-3.365884
0.908808	-3.564829
0.908808	-3.728156
0.908808	-3.854233
0.908808	-3.941799
0.908808	-3.989980
0.908808	-3.998294
0.908808	-3.966659
0.908808	-3.895391
0.908808	-3.785200
0.908808	-3.637190
0.908808	-3.452837
0.908808	-3.233986
0.908808	-2.982821
0.908808	-2.701853
0.908808	-2.393889
0.908808	-2.062005
0.908808	-1.709520
0.908808	-1.339953
0.908808	-0.956997
0.908808	-0.564480
0.908808	-0.166323
0.908808	0.233497
0.908808	0.630983
0.908808	1.022164
0.908808	1.403133
0.908808	1.770082
0.908808	2.119345
0.908808	2.447432
0.908808	2.751065
0.908808	3.027210
0.908808	3.273108
0.908808	3.486303
0.908808	3.664664
0.908808	3.806408
0.908808	3.910120
0.908808	3.974764
0.908808	3.999693
0.908808	3.984658
0.908808	3.929810
0.908808	3.835697
0.908808	3.703259
0.908808	3.533819
0.908808	3.329070
0.908808	3.091058
0.908808	2.822161
0.908808	2.525067
0.908808	2.202742
0.908808	1.858409
0.908808	1.495507
0.908808	1.117662
0.908808	0.728650
0.908808	0.332358
1.293158	-0.000000
1.293158	-0.399334
1.293158	-0.794677
1.293158	-1.182081
1.293158	-1.557673
1.293158	-1.917702
1.293158	-2.258570
1.293158	-2.576871
1.293158	-2.869424
1.293158	-3.133308
1.293158	-3.365884
1.293158	-3.564829
1.293158	-3.728156
1.293158	-3.854233
1.293158	-3.941799
1.293158	-3.989980
1.293158	-3.998294
1.293158	-3.966659
1.293158	-3.895391
1.293158	-3.785200
1.293158	-3.637190
1.293158	-3.452837
1.293158	-3.233986
1.293158	-2.982821
1.293158	-2.701853
1.293158	-2.393889
1.293158	-2.062005
1.293158	-1.709520
1.293158	-1.339953
1.293158	-0.956997
1.293158	-0.564480
1.293158	-0.166323
1.293158	0.233497
1.293158	0.630983
1.293158	1.022164
1.293158	1.403133
1.293158	1.770082
1.293158	2.119345
1.293158	2.447432
1.293158	2.751065
1.293158	3.027210
1.293158	3.273108
1.293158	3.486303
1.293158	3.664664
1.293158	3.806408
1.293158	3.910120
1.293158	3.974764
1.293158	3.999693
1.293158	3.984658
1.293158	3.929810
1.293158	3.835697
1.293158	3.703259
1.293158	3.533819
1.293158	3.329070
1.293158	3.091058
1.293158	2.822161
1.293158	2.525067
1.293158	2.202742
1.293158	1.858409
1.293158	1.495507
1.293158	1.117662
1.293158	0.728650
1.293158	0.332358
1.664587	-0.000000
1.664587	-0.399334
1.664587	-0.794677
1.664587	-1.182081
1.664587	-1.557673
1.664587	-1.917702
1.664587	-2.258570
1.664587	-2.576871
1.664587	-2.869424
1.664587	-3.133308
1.664587	-3.365884
1.664587	-3.564829
1.664587	-3.728156
1.664587	-3.854233
1.664587	-3.941799
1.664587	-3.989980
1.664587	-3.998294
1.664587	-3.966659
1.664587	-3.895391
1.664587	-3.785200
1.664587	-3.637190
1.664587	-3.452837
1.664587	-3.233986
1.664587	-2.982821
1.664587	-2.701853
1.664587	-2.393889
1.664587	-2.062005
1.664587	-1.709520
1.664587	-1.339953
1.664587	-0.956997
1.664587	-0.564480
1.664587	-0.166323
1.664587	0.233497
1.664587	0.630983
1.664587	1.022164
1.664587	1.403133
1.664587	1.770082
1.664587	2.119345
1.664587	2.447432
1.664587	2.751065
1.664587	3.027210
1.664587	3.273108
1.664587	3.486303
1.664587	3.664664
1.664587	3.806408
1.664587	3.910120
1.664587	3.974764
1.664587	3.999693
1.664587	3.984658
1.664587	3.929810
1.664587	3.835697
1.664587	3.703259
1.664587	3.533819
1.664587	3.329070
1.664587	3.091058
1.664587	2.822161
1.664587	2.525067
1.664587	2.202742
1.664587	1.858409
1.664587	1.495507
1.664587	1.117662
1.664587	0.728650
1.664587	0.332358
2.019384	-0.000000
2.019384	-0.399334
2.019384	-0.794677
2.019384	-1.182081
2.019384	-1.557673
2.019384	-1.917702
2.019384	-2.258570
2.019384	-2.576871
2.019384	-2.869424
2.019384	-3.133308
2.019384	-3.365884
2.019384	-3.564829
2.019384	-3.728156
2.019384	-3.854233
2.019384	-3.941799
2.019384	-3.989980
2.019384	-3.998294
2.019384	-3.966659
2.019384	-3.895391
2.019384	-3.785200
2.019384	-3.637190
2.019384	-3.452837
2.019384	-3.233986
2.019384	-2.982821
2.019384	-2.701853
2.019384	-2.393889
2.019384	-2.062005
2.019384	-1.709520
2.019384	-1.339953
2.019384	-0.956997
2.019384	-0.564480
2.019384	-0.166323
2.019384	0.233497
2.019384	0.630983
2.019384	1.022164
2.019384	1.403133
2.019384	1.770082
2.019384	2.119345
2.019384	2.447432
2.019384	2.751065
2.019384	3.027210
2.019384	3.273108
2.019384	3.486303
2.019384	3.664664
2.019384	3.806408
2.019384	3.910120
2.019384	3.974764
2.019384	3.999693
2.019384	3.984658
2.019384	3.929810
2.019384	3.835697
2.019384	3.703259
2.019384	3.533819
2.019384	3.329070
2.019384	3.091058
2.019384	2.822161
2.019384	2.525067
2.019384	2.202742
2.019384	1.858409
2.019384	1.495507
2.019384	1.117662
2.019384	0.728650
2.019384	0.332358
2.354004	-0.000000
2.354004	-0.399334
2.354004	-0.794677
2.354004	-1.182081
2.354004	-1.557673
2.354004	-1.917702
2.354004	-2.258570
2.354004	-2.576871
2.354004	-2.869424
2.354004	-3.133308
2.354004	-3.365884
2.354004	-3.564829
2.354004	-3.728156
2.354004	-3.854233
2.354004	-3.941799
2.354004	-3.989980
2.354004	-3.998294
2.354004	-3.966659
2.354004	-3.895391
2.354004	-3.785200
2.354004	-3.637190
2.354004	-3.452837
2.354004	-3.233986
2.354004	-2.982821
2.354004	-2.701853
2.354004	-2.393889
2.354004	-2.062005
2.354004	-1.709520
2.354004	-1.339953
2.354004	-0.956997
2.354004	-0.564480
2.354004	-0.166323
2.354004	0.233497
2.354004	0.630983
2.354004	1.022164
2.354004	1.403133
2.354004	1.770082
2.354004	2.119345
2.354004	2.447432
2.354004	2.751065
2.354004	3.027210
2.354004	3.273108
2.354004	3.486303
2.354004	3.664664
2.354004	3.806408
2.354004	3.910120
2.354004	3.974764
2.354004	3.999693
2.354004	3.984658
2.354004	3.929810
2.354004	3.835697
2.354004	3.703259
2.354004	3.533819
2.354004	3.329070
2.354004	3.091058
2.354004	2.822161
2.354004	2.525067
2.354004	2.202742
2.354004	1.858409
2.354004	1.495507
2.354004	1.117662
2.354004	0.728650
2.354004	0.332358
2.665104	-0.000000
2.665104	-0.399334
2.665104	-0.794677
2.665104	-1.182081
2.665104	-1.557673
2.665104	-1.917702
2.665104	-2.258570
2.665104	-2.576871
2.665104	-2.869424
2.665104	-3.133308
2.665104	-3.365884
2.665104	-3.564829
2.665104	-3.728156
2.665104	-3.854233
2.665104	-3.941799
2.665104	-3.989980
2.665104	-3.998294
2.665104	-3.966659
2.665104	-3.895391
2.665104	-3.785200
2.665104	-3.637190
2.665104	-3.452837
2.665104	-3.233986
2.665104	-2.982821
2.665104	-2.701853
2.665104	-2.393889
2.665104	-2.062005
2.665104	-1.709520
2.665104	-1.339953
2.665104	-0.956997
2.665104	-0.564480
2.665104	-0.166323
2.665104	0.233497
2.665104	0.630983
2.665104	1.022164
2.665104	1.403133
2.665104	1.770082
2.665104	2.119345
2.665104	2.447432
2.665104	2.751065
2.665104	3.027210
2.665104	3.273108
2.665104	3.486303
2.665104	3.664664
2.665104	3.806408
2.665104	3.910120
2.665104	3.974764
2.665104	3.999693
2.665104	3.984658
2.665104	3.929810
2.665104	3.835697
2.665104	3.703259
2.665104	3.533819
2.665104	3.329070
2.665104	3.091058
2.665104	2.822161
2.665104	2.525067
2.665104	2.202742
2.665104	1.858409
2.665104	1.495507
2.665104	1.117662
2.665104	0.728650
2.665104	0.332358
2.949575	-0.000000
2.949575	-0.399334
2.949575	-0.794677
2.949575	-1.182081
2.949575	-1.557673
2.949575	-1.917702
2.949575	-2.258570
2.949575	-2.576871
2.949575	-2.869424
2.949575	-3.133308
2.949575	-3.365884
2.949575	-3.564829
2.949575	-3.728156
2.949575	-3.854233
2.949575	-3.941799
2.949575	-3.989980
2.949575	-3.998294
2.949575	-3.966659
2.949575	-3.895391
2.949575	-3.785200
2.949575	-3.637190
2.949575	-3.452837
2.949575	-3.233986
2.949575	-2.982821
2.949575	-2.701853
2.949575	-2.393889
2.949575	-2.062005
2.949575	-1.709520
2.949575	-1.339953
2.949575	-0.956997
2.949575	-0.564480
2.949575	-0.166323
2.949575	0.233497
2.949575	0.630983
2.949575	1.022164
2.949575	1.403133
2.949575	1.770082
2.949575	2.119345
2.949575	2.447432
2.949575	2.751065
2.949575	3.027210
2.949575	3.273108
2.949575	3.486303
2.949575	3.664664
2.949575	3.806408
2.949575	3.910120
2.949575	3.974764
2.949575	3.999693
2.949575	3.984658
2.949575	3.929810
2.949575	3.835697
2.949575	3.703259
2.949575	3.533819
2.949575	3.329070
2.949575	3.091058
2.949575	2.822161
2.949575	2.525067
2.949575	2.202742
2.949575	1.858409
2.949575	1.495507
2.949575	1.117662
2.949575	0.728650
2.949575	0.332358
3.204574	-0.000000
3.204574	-0.399334
3.204574	-0.794677
3.204574	-1.182081
3.204574	-1.557673
3.204574	-1.917702
3.204574	-2.258570
3.204574	-2.576871
3.204574	-2.869424
3.204574	-3.133308
3.204574	-3.365884
3.204574	-3.564829
3.204574	-3.728156
3.204574	-3.854233
3.204574	-3.941799
3.204574	-3.989980
3.204574	-3.998294
3.204574	-3.966659
3.204574	-3.895391
3.204574	-3.785200
3.204574	-3.637190
3.204574	-3.452837
3.204574	-3.233986
3.204574	-2.982821
3.204574	-2.701853
3.204574	-2.393889
3.204574	-2.062005
3.204574	-1.709520
3.204574	-1.339953
3.204574	-0.956997
3.204574	-0.564480
3.204574	-0.166323
3.204574	0.233497
3.204574	0.630983
3.204574	1.022164
3.204574	1.403133
3.204574	1.770082
3.204574	2.119345
3.204574	2.447432
3.204574	2.751065
3.204574	3.027210
3.204574	3.273108
3.204574	3.486303
3.204574	3.664664
3.204574	3.806408
3.204574	3.910120
3.204574	3.974764
3.204574	3.999693
3.204574	3.984658
3.204574	3.929810
3.204574	3.835697
3.204574	3.703259
3.204574	3.533819
3.204574	3.329070
3.204574	3.091058
3.204574	2.822161
3.204574	2.525067
3.204574	2.202742
3.204574	1.858409
3.204574	1.495507
3.204574	1.117662
3.204574	0.728650
3.204574	0.332358
3.427555	-0.000000
3.427555	-0.399334
3.427555	-0.794677
3.427555	-1.182081
3.427555	-1.557673
3.427555	-1.917702
3.427555	-2.258570
3.427555	-2.576871
3.427555	-2.869424
3.427555	-3.133308
3.427555	-3.365884
3.427555	-3.564829
3.427555	-3.728156
3.427555	-3.854233
3.427555	-3.941799
3.427555	-3.989980
3.427555	-3.998294
3.427555	-3.966659
3.427555	-3.895391
3.427555	-3.785200
3.427555	-3.637190
3.427555	-3.452837
3.427555	-3.233986
3.427555	-2.982821
3.427555	-2.701853
3.427555	-2.393889
3.427555	-2.062005
3.427555	-1.709520
3.427555	-1.339953
3.427555	-0.956997
3.427555	-0.564480
3.427555	-0.166323
3.427555	0.233497
3.427555	0.630983
3.427555	1.022164
3.427555	1.403133
3.427555	1.770082
3.427555	2.119345
3.427555	2.447432
3.427555	2.751065
3.427555	3.027210
3.427555	3.273108
3.427555	3.486303
3.427555	3.664664
3.427555	3.806408
3.427555	3.910120
3.427555	3.974764
3.427555	3.999693
3.427555	3.984658
3.427555	3.929810
3.427555	3.835697
3.427555	3.703259
3.427555	3.533819
3.427555	3.329070
3.427555	3.091058
3.427555	2.822161
3.427555	2.525067
3.427555	2.202742
3.427555	1.858409
3.427555	1.495507
3.427555	1.117662
3.427555	0.728650
3.427555	0.332358
3.616289	-0.000000
3.616289	-0.399334
3.616289	-0.794677
3.616289	-1.182081
3.616289	-1.557673
3.616289	-1.917702
3.616289	-2.258570
3.616289	-2.576871
3.616289	-2.869424
3.616289	-3.133308
3.616289	-3.365884
3.616289	-3.564829
3.616289	-3.728156
3.616289	-3.854233
3.616289	-3.941799
3.616289	-3.989980
3.616289	-3.998294
3.616289	-3.966659
3.616289	-3.895391
3.616289	-3.785200
3.616289	-3.637190
3.616289	-3.452837
3.616289	-3.233986
3.616289	-2.982821
3.616289	-2.701853
3.616289	-2.393889
3.616289	-2.062005
3.616289	-1.709520
3.616289	-1.339953
3.616289	-0.956997
3.616289	-0.564480
3.616289	-0.166323
3.616289	0.233497
3.616289	0.630983
3.616289	1.022164
3.616289	1.403133
3.616289	1.770082
3.616289	2.119345
3.616289	2.447432
3.616289	2.751065
3.616289	3.027210
3.616289	3.273108
3.616289	3.486303
3.616289	3.664664
3.616289	3.806408
3.616289	3.910120
3.616289	3.974764
3.616289	3.999693
3.616289	3.984658
3.616289	3.929810
3.616289	3.835697
3.616289	3.703259
3.616289	3.533819
3.616289	3.329070
3.616289	3.091058
3.616289	2.822161
3.616289	2.525067
3.616289	2.202742
3.616289	1.858409
3.616289	1.495507
3.616289	1.117662
3.616289	0.728650
3.616289	0.332358
3.768889	-0.000000
3.768889	-0.399334
3.768889	-0.794677
3.768889	-1.182081
3.768889	-1.557673
3.768889	-1.917702
3.768889	-2.258570
3.768889	-2.576871
3.768889	-2.869424
3.768889	-3.133308
3.768889	-3.365884
3.768889	-3.564829
3.768889	-3.728156
3.768889	-3.854233
3.768889	-3.941799
3.768889	-3.989980
3.768889	-3.998294
3.768889	-3.966659
3.768889	-3.895391
3.768889	-3.785200
3.768889	-3.637190
3.768889	-3.452837
3.768889	-3.233986
3.768889	-2.982821
3.768889	-2.701853
3.768889	-2.393889
3.768889	-2.062005
3.768889	-1.709520
3.768889	-1.339953
3.768889	-0.956997
3.768889	-0.564480
3.768889	-0.166323
3.768889	0.233497
3.768889	0.630983
3.768889	1.022164
3.768889	1.403133
3.768889	1.770082
3.768889	2.119345
3.768889	2.447432
3.768889	2.751065
3.768889	3.027210
3.768889	3.273108
3.768889	3.486303
3.768889	3.664664
3.768889	3.806408
3.768889	3.910120
3.768889	3.974764
3.768889	3.999693
3.768889	3.984658
3.768889	3.929810
3.768889	3.835697
3.768889	3.703259
3.768889	3.533819
3.768889	3.329070
3.768889	3.091058
3.768889	2.822161
3.768889	2.525067
3.768889	2.202742
3.768889	1.858409
3.768889	1.495507
3.768889	1.117662
3.768889	0.728650
3.768889	0.332358
3.883833	-0.000000
3.883833	-0.399334
3.883833	-0.794677
3.883833	-1.182081
3.883833	-1.557673
3.883833	-1.917702
3.883833	-2.258570
3.883833	-2.576871
3.883833	-2.869424
3.883833	-3.133308
3.883833	-3.365884
3.883833	-3.564829
3.883833	-3.728156
3.883833	-3.854233
3.883833	-3.941799
3.883833	-3.989980
3.883833	-3.998294
3.883833	-3.966659
3.883833	-3.895391
3.883833	-3.785200
3.883833	-3.637190
3.883833	-3.452837
3.883833	-3.233986
3.883833	-2.982821
3.883833	-2.701853
3.883833	-2.393889
3.883833	-2.062005
3.883833	-1.709520
3.883833	-1.339953
3.883833	-0.956997
3.883833	-0.564480
3.883833	-0.166323
3.883833	0.233497
3.883833	0.630983
3.883833	1.022164
3.883833	1.403133
3.883833	1.770082
3.883833	2.119345
3.883833	2.447432
3.883833	2.751065
3.883833	3.027210
3.883833	3.273108
3.883833	3.486303
3.883833	3.664664
3.883833	3.806408
3.883833	3.910120
3.883833	3.974764
3.883833	3.999693
3.883833	3.984658
3.883833	3.929810
3.883833	3.835697
3.883833	3.703259
3.883833	3.533819
3.883833	3.329070
3.883833	3.091058
3.883833	2.822161
3.883833	2.525067
3.883833	2.202742
3.883833	1.858409
3.883833	1.495507
3.883833	1.117662
3.883833	0.728650
3.883833	0.332358
3.959970	-0.000000
3.959970	-0.399334
3.959970	-0.794677
3.959970	-1.182081
3.959970	-1.557673
3.959970	-1.917702
3.959970	-2.258570
3.959970	-2.576871
3.959970	-2.869424
3.959970	-3.133308
3.959970	-3.365884
3.959970	-3.564829
3.959970	-3.728156
3.959970	-3.854233
3.959970	-3.941799
3.959970	-3.989980
3.959970	-3.998294
3.959970	-3.966659
3.959970	-3.895391
3.959970	-3.785200
3.959970	-3.637190
3.959970	-3.452837
3.959970	-3.233986
3.959970	-2.982821
3.959970	-2.701853
3.959970	-2.393889
3.959970	-2.062005
3.959970	-1.709520
3.959970	-1.339953
3.959970	-0.956997
3.959970	-0.564480
3.959970	-0.166323
3.959970	0.233497
3.959970	0.630983
3.959970	1.022164
3.959970	1.403133
3.959970	1.770082
3.959970	2.119345
3.959970	2.447432
3.959970	2.751065
3.959970	3.027210
3.959970	3.273108
3.959970	3.486303
3.959970	3.664664
3.959970	3.806408
3.959970	3.910120
3.959970	3.974764
3.959970	3.999693
3.959970	3.984658
3.959970	3.929810
3.959970	3.835697
3.959970	3.703259
3.959970	3.533819
3.959970	3.329070
3.959970	3.091058
3.959970	2.822161
3.959970	2.525067
3.959970	2.202742
3.959970	1.858409
3.959970	1.495507
3.959970	1.117662
3.959970	0.728650
3.959970	0.332358
3.996541	-0.000000
3.996541	-0.399334
3.996541	-0.794677
3.996541	-1.182081
3.996541	-1.557673
3.996541	-1.917702
3.996541	-2.258570
3.996541	-2.576871
3.996541	-2.869424
3.996541	-3.133308
3.996541	-3.365884
3.996541	-3.564829
3.996541	-3.728156
3.996541	-3.854233
3.996541	-3.941799
3.996541	-3.989980
3.996541	-3.998294
3.996541	-3.966659
3.996541	-3.895391
3.996541	-3.785200
3.996541	-3.637190
3.996541	-3.452837
3.996541	-3.233986
3.996541	-2.982821
3.996541	-2.701853
3.996541	-2.393889
3.996541	-2.062005
3.996541	-1.709520
3.996541	-1.339953
3.996541	-0.956997
3.996541	-0.564480
3.996541	-0.166323
3.996541	0.233497
3.996541	0.630983
3.996541	1.022164
3.996541	1.403133
3.996541	1.770082
3.996541	2.119345
3.996541	2.447432
3.996541	2.751065
3.996541	3.027210
3.996541	3.273108
3.996541	3.486303
3.996541	3.664664
3.996541	3.806408
3.996541	3.910120
3.996541	3.974764
3.996541	3.999693
3.996541	3.984658
3.996541	3.929810
3.996541	3.835697
3.996541	3.703259
3.996541	3.533819
3.996541	3.329070
3.996541	3.091058
3.996541	2.822161
3.996541	2.525067
3.996541	2.202742
3.996541	1.858409
3.996541	1.495507
3.996541	1.117662
3.996541	0.728650
3.996541	0.332358
3.993179	-0.000000
3.993179	-0.399334
3.993179	-0.794677
3.993179	-1.182081
3.993179	-1.557673
3.993179	-1.917702
3.993179	-2.258570
3.993179	-2.576871
3.993179	-2.869424
3.993179	-3.133308
3.993179	-3.365884
3.993179	-3.564829
3.993179	-3.728156
3.993179	-3.854233
3.993179	-3.941799
3.993179	-3.989980
3.993179	-3.998294
3.993179	-3.966659
3.993179	-3.895391
3.993179	-3.785200
3.993179	-3.637190
3.993179	-3.452837
3.993179	-3.233986
3.993179	-2.982821
3.993179	-2.701853
3.993179	-2.393889
3.993179	-2.062005
3.993179	-1.709520
3.993179	-1.339953
3.993179	-0.956997
3.993179	-0.564480
3.993179	-0.166323
3.993179	0.233497
3.993179	0.630983
3.993179	1.022164
3.993179	1.403133
3.993179	1.770082
3.993179	2.119345
3.993179	2.447432
3.993179	2.751065
3.993179	3.027210
3.993179	3.273108
3.993179	3.486303
3.993179	3.664664
3.993179	3.806408
3.993179	3.910120
3.993179	3.974764
3.993179	3.999693
3.993179	3.984658
3.993179	3.929810
3.993179	3.835697
3.993179	3.703259
3.993179	3.533819
3.993179	3.329070
3.993179	3.091058
3.993179	2.822161
3.993179	2.525067
3.993179	2.202742
3.993179	1.858409
3.993179	1.495507
3.993179	1.117662
3.993179	0.728650
3.993179	0.332358
3.949919	-0.000000
3.949919	-0.399334
3.949919	-0.794677
3.949919	-1.182081
3.949919	-1.557673
3.949919	-1.917702
3.949919	-2.258570
3.949919	-2.576871
3.949919	-2.869424
3.949919	-3.133308
3.949919	-3.365884
3.949919	-3.564829
3.949919	-3.728156
3.949919	-3.854233
3.949919	-3.941799
3.949919	-3.989980
3.949919	-3.998294
3.949919	-3.966659
3.949919	-3.895391
3.949919	-3.785200
3.949919	-3.637190
3.949919	-3.452837
3.949919	-3.233986
3.949919	-2.982821
3.949919	-2.701853
3.949919	-2.393889
3.949919	-2.062005
3.949919	-1.709520
3.949919	-1.339953
3.949919	-0.956997
3.949919	-0.564480
3.949919	-0.166323
3.949919	0.233497
3.949919	0.630983
3.949919	1.022164
3.949919	1.403133
3.949919	1.770082
3.949919	2.119345
3.949919	2.447432
3.949919	2.751065
3.949919	3.027210
3.949919	3.273108
3.949919	3.486303
3.949919	3.664664
3.949919	3.806408
3.949919	3.910120
3.949919	3.974764
3.949919	3.999693
3.949919	3.984658
3.949919	3.929810
3.949919	3.835697
3.949919	3.703259
3.949919	3.533819
3.949919	3.329070
3.949919	3.091058
3.949919	2.822161
3.949919	2.525067
3.949919	2.202742
3.949919	1.858409
3.949919	1.495507
3.949919	1.117662
3.949919	0.728650
3.949919	0.332358
3.867193	-0.000000
3.867193	-0.399334
3.867193	-0.794677
3.867193	-1.182081
3.867193	-1.557673
3.867193	-1.917702
3.867193	-2.258570
3.867193	-2.576871
3.867193	-2.869424
3.867193	-3.133308
3.867193	-3.365884
3.867193	-3.564829
3.867193	-3.728156
3.867193	-3.854233
3.867193	-3.941799
3.867193	-3.989980
3.867193	-3.998294
3.867193	-3.966659
3.867193	-3.895391
3.867193	-3.785200
3.867193	-3.637190
3.867193	-3.452837
3.867193	-3.233986
3.867193	-2.982821
3.867193	-2.701853
3.867193	-2.393889
3.867193	-2.062005
3.867193	-1.709520
3.867193	-1.339953
3.867193	-0.956997
3.867193	-0.564480
3.867193	-0.166323
3.867193	0.233497
3.867193	0.630983
3.867193	1.022164
3.867193	1.403133
3.867193	1.770082
3.867193	2.119345
3.867193	2.447432
3.867193	2.751065
3.867193	3.027210
3.867193	3.273108
3.867193	3.486303
3.867193	3.664664
3.867193	3.806408
3.867193	3.910120
3.867193	3.974764
3.867193	3.999693
3.867193	3.984658
3.867193	3.929810
3.867193	3.835697
3.867193	3.703259
3.867193	3.533819
3.867193	3.329070
3.867193	3.091058
3.867193	2.822161
3.867193	2.525067
3.867193	2.202742
3.867193	1.858409
3.867193	1.495507
3.867193	1.117662
3.867193	0.728650
3.867193	0.332358
3.745827	-0.000000
3.745827	-0.399334
3.745827	-0.794677
3.745827	-1.182081
3.745827	-1.557673
3.745827	-1.917702
3.745827	-2.258570
3.745827	-2.576871
3.745827	-2.869424
3.745827	-3.133308
3.745827	-3.365884
3.745827	-3.564829
3.745827	-3.728156
3.745827	-3.854233
3.745827	-3.941799
3.745827	-3.989980
3.745827	-3.998294
3.745827	-3.966659
3.745827	-3.895391
3.745827	-3.785200
3.745827	-3.637190
3.745827	-3.452837
3.745827	-3.233986
3.745827	-2.982821
3.745827	-2.701853
3.745827	-2.393889
3.745827	-2.062005
3.745827	-1.709520
3.745827	-1.339953
3.745827	-0.956997
3.745827	-0.564480
3.745827	-0.166323
3.745827	0.233497
3.745827	0.630983
3.745827	1.022164
3.745827	1.403133
3.745827	1.770082
3.745827	2.119345
3.745827	2.447432
3.745827	2.751065
3.745827	3.027210
3.745827	3.273108
3.745827	3.486303
3.745827	3.664664
3.745827	3.806408
3.745827	3.910120
3.745827	3.974764
3.745827	3.999693
3.745827	3.984658
3.745827	3.929810
3.745827	3.835697
3.745827	3.703259
3.745827	3.533819
3.745827	3.329070
3.745827	3.091058
3.745827	2.822161
3.745827	2.525067
3.745827	2.202742
3.745827	1.858409
3.745827	1.495507
3.745827	1.117662
3.745827	0.728650
3.745827	0.332358
3.587034	-0.000000
3.587034	-0.399334
3.587034	-0.794677
3.587034	-1.182081
3.587034	-1.557673
3.587034	-1.917702
3.587034	-2.258570
3.587034	-2.576871
3.587034	-2.869424
3.587034	-3.133308
3.587034	-3.365884
3.587034	-3.564829
3.587034	-3.728156
3.587034	-3.854233
3.587034	-3.941799
3.587034	-3.989980
3.587034	-3.998294
3.587034	-3.966659
3.587034	-3.895391
3.587034	-3.785200
3.587034	-3.637190
3.587034	-3.452837
3.587034	-3.233986
3.587034	-2.982821
3.587034	-2.701853
3.587034	-2.393889
3.587034	-2.062005
3.587034	-1.709520
3.587034	-1.339953
3.587034	-0.956997
3.587034	-0.564480
3.587034	-0.166323
3.587034	0.233497
3.587034	0.630983
3.587034	1.022164
3.587034	1.403133
3.587034	1.770082
3.587034	2.119345
3.587034	2.447432
3.587034	2.751065
3.587034	3.027210
3.587034	3.273108
3.587034	3.486303
3.587034	3.664664
3.587034	3.806408
3.587034	3.910120
3.587034	3.974764
3.587034	3.999693
3.587034	3.984658
3.587034	3.929810
3.587034	3.835697
3.587034	3.703259
3.587034	3.533819
3.587034	3.329070
3.587034	3.091058
3.587034	2.822161
3.587034	2.525067
3.587034	2.202742
3.587034	1.858409
3.587034	1.495507
3.587034	1.117662
3.587034	0.728650
3.587034	0.332358
3.392400	-0.000000
3.392400	-0.399334
3.392400	-0.794677
3.392400	-1.182081
3.392400	-1.557673
3.392400	-1.917702
3.392400	-2.258570
3.392400	-2.576871
3.392400	-2.869424
3.392400	-3.133308
3.392400	-3.365884
3.392400	-3.564829
3.392400	-3.728156
3.392400	-3.854233
3.392400	-3.941799
3.392400	-3.989980
3.392400	-3.998294
3.392400	-3.966659
3.392400	-3.895391
3.392400	-3.785200
3.392400	-3.637190
3.392400	-3.452837
3.392400	-3.233986
3.392400	-2.982821
3.392400	-2.701853
3.392400	-2.393889
3.392400	-2.062005
3.392400	-1.709520
3.392400	-1.339953
3.392400	-0.956997
3.392400	-0.564480
3.392400	-0.166323
3.392400	0.233497
3.392400	0.630983
3.392400	1.022164
3.392400	1.403133
3.392400	1.770082
3.392400	2.119345
3.392400	2.447432
3.392400	2.751065
3.392400	3.027210
3.392400	3.273108
3.392400	3.486303
3.392400	3.664664
3.392400	3.806408
3.392400	3.910120
3.392400	3.974764
3.392400	3.999693
3.392400	3.984658
3.392400	3.929810
3.392400	3.835697
3.392400	3.703259
3.392400	3.533819
3.392400	3.329070
3.392400	3.091058
3.392400	2.822161
3.392400	2.525067
3.392400	2.202742
3.392400	1.858409
3.392400	1.495507
3.392400	1.117662
3.392400	0.728650
3.392400	0.332358
3.163871	-0.000000
3.163871	-0.399334
3.163871	-0.794677
3.163871	-1.182081
3.163871	-1.557673
3.163871	-1.917702
3.163871	-2.258570
3.163871	-2.576871
3.163871	-2.869424
3.163871	-3.133308
3.163871	-3.365884
3.163871	-3.564829
3.163871	-3.728156
3.163871	-3.854233
3.163871	-3.941799
3.163871	-3.989980
3.163871	-3.998294
3.163871	-3.966659
3.163871	-3.895391
3.163871	-3.785200
3.163871	-3.637190
3.163871	-3.452837
3.163871	-3.233986
3.163871	-2.982821
3.163871	-2.701853
3.163871	-2.393889
3.163871	-2.062005
3.163871	-1.709520
3.163871	-1.339953
3.163871	-0.956997
3.163871	-0.564480
3.163871	-0.166323
3.163871	0.233497
3.163871	0.630983
3.163871	1.022164
3.163871	1.403133
3.163871	1.770082
3.163871	2.119345
3.163871	2.447432
3.163871	2.751065
3.163871	3.027210
3.163871	3.273108
3.163871	3.486303
3.163871	3.664664
3.163871	3.806408
3.163871	3.910120
3.163871	3.974764
3.163871	3.999693
3.163871	3.984658
3.163871	3.929810
3.163871	3.835697
3.163871	3.703259
3.163871	3.533819
3.163871	3.329070
3.163871	3.091058
3.163871	2.822161
3.163871	2.525067
3.163871	2.202742
3.163871	1.858409
3.163871	1.495507
3.163871	1.117662
3.163871	0.728650
3.163871	0.332358
2.903729	-0.000000
2.903729	-0.399334
2.903729	-0.794677
2.903729	-1.182081
2.903729	-1.557673
2.903729	-1.917702
2.903729	-2.258570
2.903729	-2.576871
2.903729	-2.869424
2.903729	-3.133308
2.903729	-3.365884
2.903729	-3.564829
2.903729	-3.728156
2.903729	-3.854233
2.903729	-3.941799
2.903729	-3.989980
2.903729	-3.998294
2.903729	-3.966659
2.903729	-3.895391
2.903729	-3.785200
2.903729	-3.637190
2.903729	-3.452837
2.903729	-3.233986
2.903729	-2.982821
2.903729	-2.701853
2.903729	-2.393889
2.903729	-2.062005
2.903729	-1.709520
2.903729	-1.339953
2.903729	-0.956997
2.903729	-0.564480
2.903729	-0.166323
2.903729	0.233497
2.903729	0.630983
2.903729	1.022164
2.903729	1.403133
2.903729	1.770082
2.903729	2.119345
2.903729	2.447432
2.903729	2.751065
2.903729	3.027210
2.903729	3.273108
2.903729	3.486303
2.903729	3.664664
2.903729	3.806408
2.903729	3.910120
2.903729	3.974764
2.903729	3.999693
2.903729	3.984658
2.903729	3.929810
2.903729	3.835697
2.903729	3.703259
2.903729	3.533819
2.903729	3.329070
2.903729	3.091058
2.903729	2.822161
2.903729	2.525067
2.903729	2.202742
2.903729	1.858409
2.903729	1.495507
2.903729	1.117662
2.903729	0.728650
2.903729	0.332358
2.614574	-0.000000
2.614574	-0.399334
2.614574	-0.794677
2.614574	-1.182081
2.614574	-1.557673
2.614574	-1.917702
2.614574	-2.258570
2.614574	-2.576871
2.614574	-2.869424
2.614574	-3.133308
2.614574	-3.365884
2.614574	-3.564829
2.614574	-3.728156
2.614574	-3.854233
2.614574	-3.941799
2.614574	-3.989980
2.614574	-3.998294
2.614574	-3.966659
2.614574	-3.895391
2.614574	-3.785200
2.614574	-3.637190
2.614574	-3.452837
2.614574	-3.233986
2.614574	-2.982821
2.614574	-2.701853
2.614574	-2.393889
2.614574	-2.062005
2.614574	-1.709520
2.614574	-1.339953
2.614574	-0.956997
2.614574	-0.564480
2.614574	-0.166323
2.614574	0.233497
2.614574	0.630983
2.614574	1.022164
2.614574	1.403133
2.614574	1.770082
2.614574	2.119345
2.614574	2.447432
2.614574	2.751065
2.614574	3.027210
2.614574	3.273108
2.614574	3.486303
2.614574	3.664664
2.614574	3.806408
2.614574	3.910120
2.614574	3.974764
2.614574	3.999693
2.614574	3.984658
2.614574	3.929810
2.614574	3.835697
2.614574	3.703259
2.614574	3.533819
2.614574	3.329070
2.614574	3.091058
2.614574	2.822161
2.614574	2.525067
2.614574	2.202742
2.614574	1.858409
2.614574	1.495507
2.614574	1.117662
2.614574	0.728650
2.614574	0.332358
2.299296	-0.000000
2.299296	-0.399334
2.299296	-0.794677
2.299296	-1.182081
2.299296	-1.557673
2.299296	-1.917702
2.299296	-2.258570
2.299296	-2.576871
2.299296	-2.869424
2.299296	-3.133308
2.299296	-3.365884
2.299296	-3.564829
2.299296	-3.728156
2.299296	-3.854233
2.299296	-3.941799
2.299296	-3.989980
2.299296	-3.998294
2.299296	-3.966659
2.299296	-3.895391
2.299296	-3.785200
2.299296	-3.637190
2.299296	-3.452837
2.299296	-3.233986
2.299296	-2.982821
2.299296	-2.701853
2.299296	-2.393889
2.299296	-2.062005
2.299296	-1.709520
2.299296	-1.339953
2.299296	-0.956997
2.299296	-0.564480
2.299296	-0.166323
2.299296	0.233497
2.299296	0.630983
2.299296	1.022164
2.299296	1.403133
2.299296	1.770082
2.299296	2.119345
2.299296	2.447432
2.299296	2.751065
2.299296	3.027210
2.299296	3.273108
2.299296	3.486303
2.299296	3.664664
2.299296	3.806408
2.299296	3.910120
2.299296	3.974764
2.299296	3.999693
2.299296	3.984658
2.299296	3.929810
2.299296	3.835697
2.299296	3.703259
2.299296	3.533819
2.299296	3.329070
2.299296	3.091058
2.299296	2.822161
2.299296	2.525067
2.299296	2.202742
2.299296	1.858409
2.299296	1.495507
2.299296	1.117662
2.299296	0.728650
2.299296	0.332358
1.961043	-0.000000
1.961043	-0.399334
1.961043	-0.794677
1.961043	-1.182081
1.961043	-1.557673
1.961043	-1.917702
1.961043	-2.258570
1.961043	-2.576871
1.961043	-2.869424
1.961043	-3.133308
1.961043	-3.365884
1.961043	-3.564829
1.961043	-3.728156
1.961043	-3.854233
1.961043	-3.941799
1.961043	-3.989980
1.961043	-3.998294
1.961043	-3.966659
1.961043	-3.895391
1.961043	-3.785200
1.961043	-3.637190
1.961043	-3.452837
1.961043	-3.233986
1.961043	-2.982821
1.961043	-2.701853
1.961043	-2.393889
1.961043	-2.062005
1.961043	-1.709520
1.961043	-1.339953
1.961043	-0.956997
1.961043	-0.564480
1.961043	-0.166323
1.961043	0.233497
1.961043	0.630983
1.961043	1.022164
1.961043	1.403133
1.961043	1.770082
1.961043	2.119345
1.961043	2.447432
1.961043	2.751065
1.961043	3.027210
1.961043	3.273108
1.961043	3.486303
1.961043	3.664664
1.961043	3.806408
1.961043	3.910120
1.961043	3.974764
1.961043	3.999693
1.961043	3.984658
1.961043	3.929810
1.961043	3.835697
1.961043	3.703259
1.961043	3.533819
1.961043	3.329070
1.961043	3.091058
1.961043	2.822161
1.961043	2.525067
1.961043	2.202742
1.961043	1.858409
1.961043	1.495507
1.961043	1.117662
1.961043	0.728650
1.961043	0.332358
1.603197	-0.000000
1.603197	-0.399334
1.603197	-0.794677
1.603197	-1.182081
1.603197	-1.557673
1.603197	-1.917702
1.603197	-2.258570
1.603197	-2.576871
1.603197	-2.869424
1.603197	-3.133308
1.603197	-3.365884
1.603197	-3.564829
1.603197	-3.728156
1.603197	-3.854233
1.603197	-3.941799
1.603197	-3.989980
1.603197	-3.998294
1.603197	-3.966659
1.603197	-3.895391
1.603197	-3.785200
1.603197	-3.637190
1.603197	-3.452837
1.603197	-3.233986
1.603197	-2.982821
1.603197	-2.701853
1.603197	-2.393889
1.603197	-2.062005
1.603197	-1.709520
1.603197	-1.339953
1.603197	-0.956997
1.603197	-0.564480
1.603197	-0.166323
1.603197	0.233497
1.603197	0.630983
1.603197	1.022164
1.603197	1.403133
1.603197	1.770082
1.603197	2.119345
1.603197	2.447432
1.603197	2.751065
1.603197	3.027210
1.603197	3.273108
1.603197	3.486303
1.603197	3.664664
1.603197	3.806408
1.603197	3.910120
1.603197	3.974764
1.603197	3.999693
1.603197	3.984658
1.603197	3.929810
1.603197	3.835697
1.603197	3.703259
1.603197	3.533819
1.603197	3.329070
1.603197	3.091058
1.603197	2.822161
1.603197	2.525067
1.603197	2.202742
1.603197	1.858409
1.603197	1.495507
1.603197	1.117662
1.603197	0.728650
1.603197	0.332358
1.229331	-0.000000
1.229331	-0.399334
1.229331	-0.794677
1.229331	-1.182081
1.229331	-1.557673
1.229331	-1.917702
1.229331	-2.258570
1.229331	-2.576871
1.229331	-2.869424
1.229331	-3.133308
1.229331	-3.365884
1.229331	-3.564829
1.229331	-3.728156
1.229331	-3.854233
1.229331	-3.941799
1.229331	-3.989980
1.229331	-3.998294
1.229331	-3.966659
1.229331	-3.895391
1.229331	-3.785200
1.229331	-3.637190
1.229331	-3.452837
1.229331	-3.233986
1.229331	-2.982821
1.229331	-2.701853
1.229331	-2.393889
1.229331	-2.062005
1.229331	-1.709520
1.229331	-1.339953
1.229331	-0.956997
1.229331	-0.564480
1.229331	-0.166323
1.229331	0.233497
1.229331	0.630983
1.229331	1.022164
1.229331	1.403133
1.229331	1.770082
1.229331	2.119345
1.229331	2.447432
1.229331	2.751065
1.229331	3.027210
1.229331	3.273108
1.229331	3.486303
1.229331	3.664664
1.229331	3.806408
1.229331	3.910120
1.229331	3.974764
1.229331	3.999693
1.229331	3.984658
1.229331	3.929810
1.229331	3.835697
1.229331	3.703259
1.229331	3.533819
1.229331	3.329070
1.229331	3.091058
1.229331	2.822161
1.229331	2.525067
1.229331	2.202742
1.229331	1.858409
1.229331	1.495507
1.229331	1.117662
1.229331	0.728650
1.229331	0.332358
0.843183	-0.000000
0.843183	-0.399334
0.843183	-0.794677
0.843183	-1.182081
0.843183	-1.557673
0.843183	-1.917702
0.843183	-2.258570
0.843183	-2.576871
0.843183	-2.869424
0.843183	-3.133308
0.843183	-3.365884
0.843183	-3.564829
0.843183	-3.728156
0.843183	-3.854233
0.843183	-3.941799
0.843183	-3.989980
0.843183	-3.998294
0.843183	-3.966659
0.843183	-3.895391
0.843183	-3.785200
0.843183	-3.637190
0.843183	-3.452837
0.843183	-3.233986
0.843183	-2.982821
0.843183	-2.701853
0.843183	-2.393889
0.843183	-2.062005
0.843183	-1.709520
0.843183	-1.339953
0.843183	-0.956997
0.843183	-0.564480
0.843183	-0.166323
0.843183	0.233497
0.843183	0.630983
0.843183	1.022164
0.843183	1.403133
0.843183	1.770082
0.843183	2.119345
0.843183	2.447432
0.843183	2.751065
0.843183	3.027210
0.843183	3.273108
0.843183	3.486303
0.843183	3.664664
0.843183	3.806408
0.843183	3.910120
0.843183	3.974764
0.843183	3.999693
0.843183	3.984658
0.843183	3.929810
0.843183	3.835697
0.843183	3.703259
0.843183	3.533819
0.843183	3.329070
0.843183	3.091058
0.843183	2.822161
0.843183	2.525067
0.843183	2.202742
0.843183	1.858409
0.843183	1.495507
0.843183	1.117662
0.843183	0.728650
0.843183	0.332358
0.448610	-0.000000
0.448610	-0.399334
0.448610	-0.794677
0.448610	-1.182081
0.448610	-1.557673
0.448610	-1.917702
0.448610	-2.258570
0.448610	-2.576871
0.448610	-2.869424
0.448610	-3.133308
0.448610	-3.365884
0.448610	-3.564829
0.448610	-3.728156
0.448610	-3.854233
0.448610	-3.941799
0.448610	-3.989980
0.448610	-3.998294
0.448610	-3.966659
0.448610	-3.895391
0.448610	-3.785200
0.448610	-3.637190
0.448610	-3.452837
0.448610	-3.233986
0.448610	-2.982821
0.448610	-2.701853
0.448610	-2.393889
0.448610	-2.062005
0.448610	-1.709520
0.448610	-1.339953
0.448610	-0.956997
0.448610	-0.564480
0.448610	-0.166323
0.448610	0.233497
0.448610	0.630983
0.448610	1.022164
0.448610	1.403133
0.448610	1.770082
0.448610	2.119345
0.448610	2.447432
0.448610	2.751065
0.448610	3.027210
0.448610	3.273108
0.448610	3.486303
0.448610	3.664664
0.448610	3.806408
0.448610	3.910120
0.448610	3.974764
0.448610	3.999693
0.448610	3.984658
0.448610	3.929810
0.448610	3.835697
0.448610	3.703259
0.448610	3.533819
0.448610	3.329070
0.448610	3.091058
0.448610	2.822161
0.448610	2.525067
0.448610	2.202742
0.448610	1.858409
0.448610	1.495507
0.448610	1.117662
0.448610	0.728650
0.448610	0.332358
0.049555	-0.000000
0.049555	-0.399334
0.049555	-0.794677
0.049555	-1.182081
0.049555	-1.557673
0.049555	-1.917702
0.049555	-2.258570
0.049555	-2.576871
0.049555	-2.869424
0.049555	-3.133308
0.049555	-3.365884
0.049555	-3.564829
0.049555	-3.728156
0.049555	-3.854233
0.049555	-3.941799
0.049555	-3.989980
0.049555	-3.998294
0.049555	-3.966659
0.049555	-3.895391
0.049555	-3.785200
0.049555	-3.637190
0.049555	-3.452837
0.049555	-3.233986
0.049555	-2.982821
0.049555	-2.701853
0.049555	-2.393889
0.049555	-2.062005
0.049555	-1.709520
0.049555	-1.339953
0.049555	-0.956997
0.049555	-0.564480
0.049555	-0.166323
0.049555	0.233497
0.049555	0.630983
0.049555	1.022164
0.049555	1.403133
0.049555	1.770082
0.049555	2.119345
0.049555	2.447432
0.049555	2.751065
0.049555	3.027210
0.049555	3.273108
0.049555	3.486303
0.049555	3.664664
0.049555	3.806408
0.049555	3.910120
0.049555	3.974764
0.049555	3.999693
0.049555	3.984658
0.049555	3.929810
0.049555	3.835697
0.049555	3.703259
0.049555	3.533819
0.049555	3.329070
0.049555	3.091058
0.049555	2.822161
0.049555	2.525067
0.049555	2.202742
0.049555	1.858409
0.049555	1.495507
0.049555	1.117662
0.049555	0.728650
0.049555	0.332358
-0.349996	-0.000000
-0.349996	-0.399334
-0.349996	-0.794677
-0.349996	-1.182081
-0.349996	-1.557673
-0.349996	-1.917702
-0.349996	-2.258570
-0.349996	-2.576871
-0.349996	-2.869424
-0.349996	-3.133308
-0.349996	-3.365884
-0.349996	-3.564829
-0.349996	-3.728156
-0.349996	-3.854233
-0.349996	-3.941799
-0.349996	-3.989980
-0.349996	-3.998294
-0.349996	-3.966659
-0.349996	-3.895391
-0.349996	-3.785200
-0.349996	-3.637190
-0.349996	-3.452837
-0.349996	-3.233986
-0.349996	-2.982821
-0.349996	-2.701853
-0.349996	-2.393889
-0.349996	-2.062005
-0.349996	-1.709520
-0.349996	-1.339953
-0.349996	-0.956997
-0.349996	-0.564480
-0.349996	-0.166323
-0.349996	0.233497
-0.349996	0.630983
-0.349996	1.022164
-0.349996	1.403133
-0.349996	1.770082
-0.349996	2.119345
-0.349996	2.447432
-0.349996	2.751065
-0.349996	3.027210
-0.349996	3.273108
-0.349996	3.486303
-0.349996	3.664664
-0.349996	3.806408
-0.349996	3.910120
-0.349996	3.974764
-0.349996	3.999693
-0.349996	3.984658
-0.349996	3.929810
-0.349996	3.835697
-0.349996	3.703259
-0.349996	3.533819
-0.349996	3.329070
-0.349996	3.091058
-0.349996	2.822161
-0.349996	2.525067
-0.349996	2.202742
-0.349996	1.858409
-0.349996	1.495507
-0.349996	1.117662
-0.349996	0.728650
-0.349996	0.332358
-0.746049	-0.000000
-0.746049	-0.399334
-0.746049	-0.794677
-0.746049	-1.182081
-0.746049	-1.557673
-0.746049	-1.917702
-0.746049	-2.258570
-0.746049	-2.576871
-0.746049	-2.869424
-0.746049	-3.133308
-0.746049	-3.365884
-0.746049	-3.564829
-0.746049	-3.728156
-0.746049	-3.854233
-0.746049	-3.941799
-0.746049	-3.989980
-0.746049	-3.998294
-0.746049	-3.966659
-0.746049	-3.895391
-0.746049	-3.785200
-0.746049	-3.637190
-0.746049	-3.452837
-0.746049	-3.233986
-0.746049	-2.982821
-0.746049	-2.701853
-0.746049	-2.393889
-0.746049	-2.062005
-0.746049	-1.709520
-0.746049	-1.339953
-0.746049	-0.956997
-0.746049	-0.564480
-0.746049	-0.166323
-0.746049	0.233497
-0.746049	0.630983
-0.746049	1.022164
-0.746049	1.403133
-0.746049	1.770082
-0.746049	2.119345
-0.746049	2.447432
-0.746049	2.751065
-0.746049	3.027210
-0.746049	3.273108
-0.746049	3.486303
-0.746049	3.664664
-0.746049	3.806408
-0.746049	3.910120
-0.746049	3.974764
-0.746049	3.999693
-0.746049	3.984658
-0.746049	3.929810
-0.746049	3.835697
-0.746049	3.703259
-0.746049	3.533819
-0.746049	3.329070
-0.746049	3.091058
-0.746049	2.822161
-0.746049	2.525067
-0.746049	2.202742
-0.746049	1.858409
-0.746049	1.495507
-0.746049	1.117662
-0.746049	0.728650
-0.746049	0.332358
-1.134649	-0.000000
-1.134649	-0.399334
-1.134649	-0.794677
-1.134649	-1.182081
-1.134649	-1.557673
-1.134649	-1.917702
-1.134649	-2.258570
-1.134649	-2.576871
-1.134649	-2.869424
-1.134649	-3.133308
-1.134649	-3.365884
-1.134649	-3.564829
-1.134649	-3.728156
-1.134649	-3.854233
-1.134649	-3.941799
-1.134649	-3.989980
-1.134649	-3.998294
-1.134649	-3.966659
-1.134649	-3.895391
-1.134649	-3.785200
-1.134649	-3.637190
-1.134649	-3.452837
-1.134649	-3.233986
-1.134649	-2.982821
-1.134649	-2.701853
-1.134649	-2.393889
-1.134649	-2.062005
-1.134649	-1.709520
-1.134649	-1.339953
-1.134649	-0.956997
-1.134649	-0.564480
-1.134649	-0.166323
-1.134649	0.233497
-1.134649	0.630983
-1.134649	1.022164
-1.134649	1.403133
-1.134649	1.770082
-1.134649	2.119345
-1.134649	2.447432
-1.134649	2.751065
-1.134649	3.027210
-1.134649	3.273108
-1.134649	3.486303
-1.134649	3.664664
-1.134649	3.806408
-1.134649	3.910120
-1.134649	3.974764
-1.134649	3.999693
-1.134649	3.984658
-1.134649	3.929810
-1.134649	3.835697
-1.134649	3.703259
-1.134649	3.533819
-1.134649	3.329070
-1.134649	3.091058
-1.134649	2.822161
-1.134649	2.525067
-1.134649	2.202742
-1.134649	1.858409
-1.134649	1.495507
-1.134649	1.117662
-1.134649	0.728650
-1.134649	0.332358
-1.511911	-0.000000
-1.511911	-0.399334
-1.511911	-0.794677
-1.511911	-1.182081
-1.511911	-1.557673
-1.511911	-1.917702
-1.511911	-2.258570
-1.511911	-2.576871
-1.511911	-2.869424
-1.511911	-3.133308
-1.511911	-3.365884
-1.511911	-3.564829
-1.511911	-3.728156
-1.511911	-3.854233
-1.511911	-3.941799
-1.511911	-3.989980
-1.511911	-3.998294
-1.511911	-3.966659
-1.511911	-3.895391
-1.511911	-3.785200
-1.511911	-3.637190
-1.511911	-3.452837
-1.511911	-3.233986
-1.511911	-2.982821
-1.511911	-2.701853
-1.511911	-2.393889
-1.511911	-2.062005
-1.511911	-1.709520
-1.511911	-1.339953
-1.511911	-0.956997
-1.511911	-0.564480
-1.511911	-0.166323
-1.511911	0.233497
-1.511911	0.630983
-1.511911	1.022164
-1.511911	1.403133
-1.511911	1.770082
-1.511911	2.119345
-1.511911	2.447432
-1.511911	2.751065
-1.511911	3.027210
-1.511911	3.273108
-1.511911	3.486303
-1.511911	3.664664
-1.511911	3.806408
-1.511911	3.910120
-1.511911	3.974764
-1.511911	3.999693
-1.511911	3.984658
-1.511911	3.929810
-1.511911	3.835697
-1.511911	3.703259
-1.511911	3.533819
-1.511911	3.329070
-1.511911	3.091058
-1.511911	2.822161
-1.511911	2.525067
-1.511911	2.202742
-1.511911	1.858409
-1.511911	1.495507
-1.511911	1.117662
-1.511911	0.728650
-1.511911	0.332358
-1.874067	-0.000000
-1.874067	-0.399334
-1.874067	-0.794677
-1.874067	-1.182081
-1.874067	-1.557673
-1.874067	-1.917702
-1.874067	-2.258570
-1.874067	-2.576871
-1.874067	-2.869424
-1.874067	-3.133308
-1.874067	-3.365884
-1.874067	-3.564829
-1.874067	-3.728156
-1.874067	-3.854233
-1.874067	-3.941799
-1.874067	-3.989980
-1.874067	-3.998294
-1.874067	-3.966659
-1.874067	-3.895391
-1.874067	-3.785200
-1.874067	-3.637190
-1.874067	-3.452837
-1.874067	-3.233986
-1.874067	-2.982821
-1.874067	-2.701853
-1.874067	-2.393889
-1.874067	-2.062005
-1.874067	-1.709520
-1.874067	-1.339953
-1.874067	-0.956997
-1.874067	-0.564480
-1.874067	-0.166323
-1.874067	0.233497
-1.874067	0.630983
-1.874067	1.022164
-1.874067	1.403133
-1.874067	1.770082
-1.874067	2.119345
-1.874067	2.447432
-1.874067	2.751065
-1.874067	3.027210
-1.874067	3.273108
-1.874067	3.486303
-1.874067	3.664664
-1.874067	3.806408
-1.874067	3.910120
-1.874067	3.974764
-1.874067	3.999693
-1.874067	3.984658
-1.874067	3.929810
-1.874067	3.835697
-1.874067	3.703259
-1.874067	3.533819
-1.874067	3.329070
-1.874067	3.091058
-1.874067	2.822161
-1.874067	2.525067
-1.874067	2.202742
-1.874067	1.858409
-1.874067	1.495507
-1.874067	1.117662
-1.874067	0.728650
-1.874067	0.332358
-2.217497	-0.000000
-2.217497	-0.399334
-2.217497	-0.794677
-2.217497	-1.182081
-2.217497	-1.557673
-2.217497	-1.917702
-2.217497	-2.258570
-2.217497	-2.576871
-2.217497	-2.869424
-2.217497	-3.133308
-2.217497	-3.365884
-2.217497	-3.564829
-2.217497	-3.728156
-2.217497	-3.854233
-2.217497	-3.941799
-2.217497	-3.989980
-2.217497	-3.998294
-2.217497	-3.966659
-2.217497	-3.895391
-2.217497	-3.785200
-2.217497	-3.637190
-2.217497	-3.452837
-2.217497	-3.233986
-2.217497	-2.982821
-2.217497	-2.701853
-2.217497	-2.393889
-2.217497	-2.062005
-2.217497	-1.709520
-2.217497	-1.339953
-2.217497	-0.956997
-2.217497	-0.564480
-2.217497	-0.166323
-2.217497	0.233497
-2.217497	0.630983
-2.217497	1.022164
-2.217497	1.403133
-2.217497	1.770082
-2.217497	2.119345
-2.217497	2.447432
-2.217497	2.751065
-2.217497	3.027210
-2.217497	3.273108
-2.217497	3.486303
-2.217497	3.664664
-2.217497	3.806408
-2.217497	3.910120
-2.217497	3.974764
-2.217497	3.999693
-2.217497	3.984658
-2.217497	3.929810
-2.217497	3.835697
-2.217497	3.703259
-2.217497	3.533819
-2.217497	3.329070
-2.217497	3.091058
-2.217497	2.822161
-2.217497	2.525067
-2.217497	2.202742
-2.217497	1.858409
-2.217497	1.495507
-2.217497	1.117662
-2.217497	0.728650
-2.217497	0.332358
-2.538772	-0.000000
-2.538772	-0.399334
-2.538772	-0.794677
-2.538772	-1.182081
-2.538772	-1.557673
-2.538772	-1.917702
-2.538772	-2.258570
-2.538772	-2.576871
-2.538772	-2.869424
-2.538772	-3.133308
-2.538772	-3.365884
-2.538772	-3.564829
-2.538772	-3.728156
-2.538772	-3.854233
-2.538772	-3.941799
-2.538772	-3.989980
-2.538772	-3.998294
-2.538772	-3.966659
-2.538772	-3.895391
-2.538772	-3.785200
-2.538772	-3.637190
-2.538772	-3.452837
-2.538772	-3.233986
-2.538772	-2.982821
-2.538772	-2.701853
-2.538772	-2.393889
-2.538772	-2.062005
-2.538772	-1.709520
-2.538772	-1.339953
-2.538772	-0.956997
-2.538772	-0.564480
-2.538772	-0.166323
-2.538772	0.233497
-2.538772	0.630983
-2.538772	1.022164
-2.538772	1.403133
-2.538772	1.770082
-2.538772	2.119345
-2.538772	2.447432
-2.538772	2.751065
-2.538772	3.027210
-2.538772	3.273108
-2.538772	3.486303
-2.538772	3.664664
-2.538772	3.806408
-2.538772	3.910120
-2.538772	3.974764
-2.538772	3.999693
-2.538772	3.984658
-2.538772	3.929810
-2.538772	3.835697
-2.538772	3.703259
-2.538772	3.533819
-2.538772	3.329070
-2.538772	3.091058
-2.538772	2.822161
-2.538772	2.525067
-2.538772	2.202742
-2.538772	1.858409
-2.538772	1.495507
-2.538772	1.117662
-2.538772	0.728650
-2.538772	0.332358
-2.834679	-0.000000
-2.834679	-0.399334
-2.834679	-0.794677
-2.834679	-1.182081
-2.834679	-1.557673
-2.834679	-1.917702
-2.834679	-2.258570
-2.834679	-2.576871
-2.834679	-2.869424
-2.834679	-3.133308
-2.834679	-3.365884
-2.834679	-3.564829
-2.834679	-3.728156
-2.834679	-3.854233
-2.834679	-3.941799
-2.834679	-3.989980
-2.834679	-3.998294
-2.834679	-3.966659
-2.834679	-3.895391
-2.834679	-3.785200
-2.834679	-3.637190
-2.834679	-3.452837
-2.834679	-3.233986
-2.834679	-2.982821
-2.834679	-2.701853
-2.834679	-2.393889
-2.834679	-2.062005
-2.834679	-1.709520
-2.834679	-1.339953
-2.834679	-0.956997
-2.834679	-0.564480
-2.834679	-0.166323
-2.834679	0.233497
-2.834679	0.630983
-2.834679	1.022164
-2.834679	1.403133
-2.834679	1.770082
-2.834679	2.119345
-2.834679	2.447432
-2.834679	2.751065
-2.834679	3.027210
-2.834679	3.273108
-2.834679	3.486303
-2.834679	3.664664
-2.834679	3.806408
-2.834679	3.910120
-2.834679	3.974764
-2.834679	3.999693
-2.834679	3.984658
-2.834679	3.929810
-2.834679	3.835697
-2.834679	3.703259
-2.834679	3.533819
-2.834679	3.329070
-2.834679	3.091058
-2.834679	2.822161
-2.834679	2.525067
-2.834679	2.202742
-2.834679	1.858409
-2.834679	1.495507
-2.834679	1.117662
-2.834679	0.728650
-2.834679	0.332358
-3.102264	-0.000000
-3.102264	-0.399334
-3.102264	-0.794677
-3.102264	-1.182081
-3.102264	-1.557673
-3.102264	-1.917702
-3.102264	-2.258570
-3.102264	-2.576871
-3.102264	-2.869424
-3.102264	-3.133308
-3.102264	-3.365884
-3.102264	-3.564829
-3.102264	-3.728156
-3.102264	-3.854233
-3.102264	-3.941799
-3.102264	-3.989980
-3.102264	-3.998294
-3.102264	-3.966659
-3.102264	-3.895391
-3.102264	-3.785200
-3.102264	-3.637190
-3.102264	-3.452837
-3.102264	-3.233986
-3.102264	-2.982821
-3.102264	-2.701853
-3.102264	-2.393889
-3.102264	-2.062005
-3.102264	-1.709520
-3.102264	-1.339953
-3.102264	-0.956997
-3.102264	-0.564480
-3.102264	-0.166323
-3.102264	0.233497
-3.102264	0.630983
-3.102264	1.022164
-3.102264	1.403133
-3.102264	1.770082
-3.102264	2.119345
-3.102264	2.447432
-3.102264	2.751065
-3.102264	3.027210
-3.102264	3.273108
-3.102264	3.486303
-3.102264	3.664664
-3.102264	3.806408
-3.102264	3.910120
-3.102264	3.974764
-3.102264	3.999693
-3.102264	3.984658
-3.102264	3.929810
-3.102264	3.835697
-3.102264	3.703259
-3.102264	3.533819
-3.102264	3.329070
-3.102264	3.091058
-3.102264	2.822161
-3.102264	2.525067
-3.102264	2.202742
-3.102264	1.858409
-3.102264	1.495507
-3.102264	1.117662
-3.102264	0.728650
-3.102264	0.332358
-3.338851	-0.000000
-3.338851	-0.399334
-3.338851	-0.794677
-3.338851	-1.182081
-3.338851	-1.557673
-3.338851	-1.917702
-3.338851	-2.258570
-3.338851	-2.576871
-3.338851	-2.869424
-3.338851	-3.133308
-3.338851	-3.365884
-3.338851	-3.564829
-3.338851	-3.728156
-3.338851	-3.854233
-3.338851	-3.941799
-3.338851	-3.989980
-3.338851	-3.998294
-3.338851	-3.966659
-3.338851	-3.895391
-3.338851	-3.785200
-3.338851	-3.637190
-3.338851	-3.452837
-3.338851	-3.233986
-3.338851	-2.982821
-3.338851	-2.701853
-3.338851	-2.393889
-3.338851	-2.062005
-3.338851	-1.709520
-3.338851	-1.339953
-3.338851	-0.956997
-3.338851	-0.564480
-3.338851	-0.166323
-3.338851	0.233497
-3.338851	0.630983
-3.338851	1.022164
-3.338851	1.403133
-3.338851	1.770082
-3.338851	2.119345
-3.338851	2.447432
-3.338851	2.751065
-3.338851	3.027210
-3.338851	3.273108
-3.338851	3.486303
-3.338851	3.664664
-3.338851	3.806408
-3.338851	3.910120
-3.338851	3.974764
-3.338851	3.999693
-3.338851	3.984658
-3.338851	3.929810
-3.338851	3.835697
-3.338851	3.703259
-3.338851	3.533819
-3.338851	3.329070
-3.338851	3.091058
-3.338851	2.822161
-3.338851	2.525067
-3.338851	2.202742
-3.338851	1.858409
-3.338851	1.495507
-3.338851	1.117662
-3.338851	0.728650
-3.338851	0.332358
-3.542078	-0.000000
-3.542078	-0.399334
-3.542078	-0.794677
-3.542078	-1.182081
-3.542078	-1.557673
-3.542078	-1.917702
-3.542078	-2.258570
-3.542078	-2.576871
-3.542078	-2.869424
-3.542078	-3.133308
-3.542078	-3.365884
-3.542078	-3.564829
-3.542078	-3.728156
-3.542078	-3.854233
-3.542078	-3.941799
-3.542078	-3.989980
-3.542078	-3.998294
-3.542078	-3.966659
-3.542078	-3.895391
-3.542078	-3.785200
-3.542078	-3.637190
-3.542078	-3.452837
-3.542078	-3.233986
-3.542078	-2.982821
-3.542078	-2.701853
-3.542078	-2.393889
-3.542078	-2.062005
-3.542078	-1.709520
-3.542078	-1.339953
-3.542078	-0.956997
-3.542078	-0.564480
-3.542078	-0.166323
-3.542078	0.233497
-3.542078	0.630983
-3.542078	1.022164
-3.542078	1.403133
-3.542078	1.770082
-3.542078	2.119345
-3.542078	2.447432
-3.542078	2.751065
-3.542078	3.027210
-3.542078	3.273108
-3.542078	3.486303
-3.542078	3.664664
-3.542078	3.806408
-3.542078	3.910120
-3.542078	3.974764
-3.542078	3.999693
-3.542078	3.984658
-3.542078	3.929810
-3.542078	3.835697
-3.542078	3.703259
-3.542078	3.533819
-3.542078	3.329070
-3.542078	3.091058
-3.542078	2.822161
-3.542078	2.525067
-3.542078	2.202742
-3.542078	1.858409
-3.542078	1.495507
-3.542078	1.117662
-3.542078	0.728650
-3.542078	0.332358
-3.709914	-0.000000
-3.709914	-0.399334
-3.709914	-0.794677
-3.709914	-1.182081
-3.709914	-1.557673
-3.709914	-1.917702
-3.709914	-2.258570
-3.709914	-2.576871
-3.709914	-2.869424
-3.709914	-3.133308
-3.709914	-3.365884
-3.709914	-3.564829
-3.709914	-3.728156
-3.709914	-3.854233
-3.709914	-3.941799
-3.709914	-3.989980
-3.709914	-3.998294
-3.709914	-3.966659
-3.709914	-3.895391
-3.709914	-3.785200
-3.709914	-3.637190
-3.709914	-3.452837
-3.709914	-3.233986
-3.709914	-2.982821
-3.709914	-2.701853
-3.709914	-2.393889
-3.709914	-2.062005
-3.709914	-1.709520
-3.709914	-1.339953
-3.709914	-0.956997
-3.709914	-0.564480
-3.709914	-0.166323
-3.709914	0.233497
-3.709914	0.630983
-3.709914	1.022164
-3.709914	1.403133
-3.709914	1.770082
-3.709914	2.119345
-3.709914	2.447432
-3.709914	2.751065
-3.709914	3.027210
-3.709914	3.273108
-3.709914	3.486303
-3.709914	3.664664
-3.709914	3.806408
-3.709914	3.910120
-3.709914	3.974764
-3.709914	3.999693
-3.709914	3.984658
-3.709914	3.929810
-3.709914	3.835697
-3.709914	3.703259
-3.709914	3.533819
-3.709914	3.329070
-3.709914	3.091058
-3.709914	2.822161
-3.709914	2.525067
-3.709914	2.202742
-3.709914	1.858409
-3.709914	1.495507
-3.709914	1.117662
-3.709914	0.728650
-3.709914	0.332358
-3.840681	-0.000000
-3.840681	-0.399334
-3.840681	-0.794677
-3.840681	-1.182081
-3.840681	-1.557673
-3.840681	-1.917702
-3.840681	-2.258570
-3.840681	-2.576871
-3.840681	-2.869424
-3.840681	-3.133308
-3.840681	-3.365884
-3.840681	-3.564829
-3.840681	-3.728156
-3.840681	-3.854233
-3.840681	-3.941799
-3.840681	-3.989980
-3.840681	-3.998294
-3.840681	-3.966659
-3.840681	-3.895391
-3.840681	-3.785200
-3.840681	-3.637190
-3.840681	-3.452837
-3.840681	-3.233986
-3.840681	-2.982821
-3.840681	-2.701853
-3.840681	-2.393889
-3.840681	-2.062005
-3.840681	-1.709520
-3.840681	-1.339953
-3.840681	-0.956997
-3.840681	-0.564480
-3.840681	-0.166323
-3.840681	0.233497
-3.840681	0.630983
-3.840681	1.022164
-3.840681	1.403133
-3.840681	1.770082
-3.840681	2.119345
-3.840681	2.447432
-3.840681	2.751065
-3.840681	3.027210
-3.840681	3.273108
-3.840681	3.486303
-3.840681	3.664664
-3.840681	3.806408
-3.840681	3.910120
-3.840681	3.974764
-3.840681	3.999693
-3.840681	3.984658
-3.840681	3.929810
-3.840681	3.835697
-3.840681	3.703259
-3.840681	3.533819
-3.840681	3.329070
-3.840681	3.091058
-3.840681	2.822161
-3.840681	2.525067
-3.840681	2.202742
-3.840681	1.858409
-3.840681	1.495507
-3.840681	1.117662
-3.840681	0.728650
-3.840681	0.332358
-3.933074	-0.000000
-3.933074	-0.399334
-3.933074	-0.794677
-3.933074	-1.182081
-3.933074	-1.557673
-3.933074	-1.917702
-3.933074	-2.258570
-3.933074	-2.576871
-3.933074	-2.869424
-3.933074	-3.133308
-3.933074	-3.365884
-3.933074	-3.564829
-3.933074	-3.728156
-3.933074	-3.854233
-3.933074	-3.941799
-3.933074	-3.989980
-3.933074	-3.998294
-3.933074	-3.966659
-3.933074	-3.895391
-3.933074	-3.785200
-3.933074	-3.637190
-3.933074	-3.452837
-3.933074	-3.233986
-3.933074	-2.982821
-3.933074	-2.701853
-3.933074	-2.393889
-3.933074	-2.062005
-3.933074	-1.709520
-3.933074	-1.339953
-3.933074	-0.956997
-3.933074	-0.564480
-3.933074	-0.166323
-3.933074	0.233497
-3.933074	0.630983
-3.933074	1.022164
-3.933074	1.403133
-3.933074	1.770082
-3.933074	2.119345
-3.933074	2.447432
-3.933074	2.751065
-3.933074	3.027210
-3.933074	3.273108
-3.933074	3.486303
-3.933074	3.664664
-3.933074	3.806408
-3.933074	3.910120
-3.933074	3.974764
-3.933074	3.999693
-3.933074	3.984658
-3.933074	3.929810
-3.933074	3.835697
-3.933074	3.703259
-3.933074	3.533819
-3.933074	3.329070
-3.933074	3.091058
-3.933074	2.822161
-3.933074	2.525067
-3.933074	2.202742
-3.933074	1.858409
-3.933074	1.495507
-3.933074	1.117662
-3.933074	0.728650
-3.933074	0.332358
-3.986168	-0.000000
-3.986168	-0.399334
-3.986168	-0.794677
-3.986168	-1.182081
-3.986168	-1.557673
-3.986168	-1.917702
-3.986168	-2.258570
-3.986168	-2.576871
-3.986168	-2.869424
-3.986168	-3.133308
-3.986168	-3.365884
-3.986168	-3.564829
-3.986168	-3.728156
-3.986168	-3.854233
-3.986168	-3.941799
-3.986168	-3.989980
-3.986168	-3.998294
-3.986168	-3.966659
-3.986168	-3.895391
-3.986168	-3.785200
-3.986168	-3.637190
-3.986168	-3.452837
-3.986168	-3.233986
-3.986168	-2.982821
-3.986168	-2.701853
-3.986168	-2.393889
-3.986168	-2.062005
-3.986168	-1.709520
-3.986168	-1.339953
-3.986168	-0.956997
-3.986168	-0.564480
-3.986168	-0.166323
-3.986168	0.233497
-3.986168	0.630983
-3.986168	1.022164
-3.986168	1.403133
-3.986168	1.770082
-3.986168	2.119345
-3.986168	2.447432
-3.986168	2.751065
-3.986168	3.027210
-3.986168	3.273108
-3.986168	3.486303
-3.986168	3.664664
-3.986168	3.806408
-3.986168	3.910120
-3.986168	3.974764
-3.986168	3.999693
-3.986168	3.984658
-3.986168	3.929810
-3.986168	3.835697
-3.986168	3.703259
-3.986168	3.533819
-3.986168	3.329070
-3.986168	3.091058
-3.986168	2.822161
-3.986168	2.525067
-3.986168	2.202742
-3.986168	1.858409
-3.986168	1.495507
-3.986168	1.117662
-3.986168	0.728650
-3.986168	0.332358
